Date,PoslednaCena,Max,Min,SMA_20,EMA_20,WMA_20,HMA_20,TMA_20,RSI,MACD,CCI,ADX,Stoch,Signal
08.11.2024,85001.0,85001.0,85001.0,,85001.0,,,,,,,0.0,,Hold
07.11.2024,85700.0,85750.0,85700.0,,85067.57142857143,,,,,,,0.0,,Hold
06.11.2024,85500.0,85500.0,85000.0,,85108.75510204083,,,,,,,0.0,,Hold
05.11.2024,85499.0,85500.0,85499.0,,85145.92128279885,,,,,,,0.0,,Hold
04.11.2024,85500.0,85500.0,85499.0,,85179.64306538943,,,,,,,0.0,,Hold
01.11.2024,85500.0,85500.0,85500.0,,85210.15324963807,,,,,,,0.0,,Hold
31.10.2024,85000.0,85000.0,85000.0,,85190.13865443444,,,,,,,0.0,,Hold
30.10.2024,84401.0,85000.0,84401.0,,85114.98259210735,,,,,,,0.0,,Hold
29.10.2024,84500.0,84501.0,84500.0,,85056.41282143047,,,,,,,0.0,,Hold
28.10.2024,85500.0,85500.0,85000.0,,85098.65921938948,,,,,,,0.0,,Hold
25.10.2024,85500.0,85500.0,85000.0,,85136.88215087619,,,,,,,0.0,,Hold
24.10.2024,85500.0,85500.0,85000.0,,85171.4648031737,,,,,,,0.0,,Hold
22.10.2024,84500.0,85000.0,84500.0,,85107.51577430002,,,,,,,0.0,,Hold
21.10.2024,85000.0,85000.0,85000.0,,85097.27617674763,,,,48.49029927387225,,,0.0,44.40326167531505,Hold
18.10.2024,85000.0,85000.0,85000.0,,85088.01177896214,,,,48.49029927387225,,,0.0,44.40326167531505,Hold
17.10.2024,85000.0,85500.0,85000.0,,85079.62970477527,,,,48.49029927387225,,,0.0,54.50409463148317,Hold
16.10.2024,85500.0,85550.0,85500.0,,85119.66497098716,,,,56.68943230872815,,,0.0,95.64838990426458,Hold
15.10.2024,85990.0,85990.0,85990.0,,85202.55402136935,,,,62.9187936088742,,,0.0,100.0,Hold
14.10.2024,85900.0,85900.0,85899.0,,85268.9774479056,,,,61.17827767553911,,,0.0,94.33606041535558,Hold
10.10.2024,85900.0,85900.0,85900.0,85294.55,85329.07483381937,85345.35714285714,85463.45,,61.17827767553911,,120.37438708574928,0.0,94.33606041535558,Sell
09.10.2024,86000.0,86000.0,86000.0,85344.5,85392.97246869371,85412.54285714286,85513.5,,62.514526911624266,,127.02304658515853,0.0,100.0,Sell
08.10.2024,86000.0,86000.0,86000.0,85359.5,85450.7846145324,85474.97142857143,85598.5,,62.514526911624266,,118.95154797123567,0.0,100.0,Sell
07.10.2024,86000.0,86000.0,85998.0,85384.5,85503.09084171978,85535.97142857143,85873.5,,62.514526911624266,,103.7454293902555,0.0,100.0,Sell
04.10.2024,85999.0,86000.0,85999.0,85409.5,85550.32028536551,85594.49523809523,86048.29999999999,,62.48766350986502,,93.56590073407362,0.0,99.93333333333334,Sell
03.10.2024,86000.0,86500.0,86000.0,85434.5,85593.1469248545,85650.73333333334,86223.29999999999,,62.50501504585509,,106.42765810957036,0.0,75.0,Sell
02.10.2024,86500.0,86500.0,86500.0,85484.5,85679.51388439217,85752.20952380952,86473.29999999999,,69.98163811719645,289.5566666301602,133.46174282677953,0.0,100.0,Sell
01.10.2024,86500.0,86500.0,86500.0,85559.5,85757.65541921197,85848.92380952381,86598.29999999999,,69.98163811719645,318.1636863606691,118.01218583396764,0.0,100.0,Sell
30.9.2024,86898.0,86900.0,86898.0,85684.35,85866.2596650013,85976.4,86655.04999999999,,74.6484405591914,368.70008431066526,152.1645537345195,14.488927876275266,99.89473684210526,Sell
27.9.2024,86990.0,86990.0,86990.0,85808.85,85973.2825540488,86100.74761904762,86748.54999999999,,75.5930146034132,411.4314492650883,153.46326537688083,16.170389196194147,100.0,Sell
26.9.2024,86990.0,87000.0,86990.0,85883.35,86070.11278699654,86213.23809523809,86892.04999999999,,75.5930146034132,440.2217614172405,140.24279529954356,17.74886936194144,99.33333333333333,Sell
25.9.2024,87000.0,87000.0,87000.0,85958.35,86158.67347394925,86319.58571428571,87017.04999999999,,75.70711625732977,458.5592223750282,128.19501650454296,19.214600944421072,100.0,Sell
24.9.2024,87000.0,87000.0,87000.0,86033.35,86238.79980976362,86418.79047619048,87142.04999999999,,75.70711625732977,467.70043284194253,112.5071763467602,20.575637413866446,100.0,Sell
23.9.2024,87001.0,87001.0,87000.0,86158.4,86311.39030407184,86510.94761904761,87217.20000000001,,75.72028034702896,469.61220249161124,100.42339511735734,21.84158634035612,100.0,Sell
20.9.2024,87000.0,87000.0,87000.0,86258.4,86376.97217987453,86591.1,87317.4,,75.67611768047323,465.6785496246448,89.40606928831374,23.0171103435251,99.90029910269192,Sell
19.9.2024,87000.0,87000.0,87000.0,86358.4,86436.30816274363,86661.72857142857,87417.4,,75.67611768047323,457.2897498043749,81.20912374320729,24.108668346467727,99.90029910269192,Sell
18.9.2024,87000.0,87000.0,87000.0,86458.4,86489.9930996252,86722.83333333333,87417.4,,75.67611768047323,445.50604909272806,74.89906789508827,25.122257920628734,99.90029910269192,Sell
17.9.2024,87000.0,87000.0,87000.0,86533.4,86538.56518537518,86774.41428571429,87442.4,,75.67611768047323,431.1968129329762,68.41902201645348,26.063448239492526,99.9001996007984,Sell
16.9.2024,87000.0,87000.0,87000.0,86583.9,86582.5113581966,86818.85238095238,87412.30000000002,,75.67611768047323,415.07194912766863,62.23464014117773,26.937410678437477,99.9000999000999,Buy
13.9.2024,87200.0,87250.0,87100.0,86648.9,86641.31980027312,86877.52857142857,87389.30000000002,85881.955,79.19194803529274,413.66276011633454,83.86935846813499,28.447417209333462,93.33333333333333,Buy
12.9.2024,87050.0,87050.0,87050.0,86706.4,86680.24172405663,86915.72857142857,87343.80000000002,85952.5475,70.91314224960037,395.8787771574134,58.426236731191864,29.500440614892337,73.33333333333333,Buy
11.9.2024,87050.0,87051.0,87050.0,86758.9,86715.456797956,86948.45238095238,87301.30000000002,86023.26749999999,70.91314224960037,377.4340181194275,55.08371754428505,30.481130934380595,43.18181818181818,Buy
10.9.2024,87050.0,87050.0,87050.0,86811.4,86747.31805529352,86976.1761904762,87258.80000000002,86095.8625,70.91314224960037,358.68175370938843,52.53927173099049,31.39177194533398,23.076923076923077,Buy
06.9.2024,87051.0,87501.0,87051.0,86863.95,86776.24014526556,86998.99523809523,87216.25000000001,86169.83499999999,70.93843921310486,339.98203938573715,91.27434297598849,33.33595791362468,11.937377690802348,Buy
05.9.2024,87001.0,87001.0,87001.0,86914.05,86797.64584571647,87012.04761904762,87166.34999999999,86245.0625,67.76498929434908,317.46822287136456,28.96064581230944,34.78629483531714,0.1996007984031936,Buy
04.9.2024,88000.0,88500.0,88000.0,87014.05,86912.15576517205,87115.47142857143,87266.34999999999,86324.04,83.57506309597629,375.9036290453514,496.9597669761363,37.79828576035289,66.66666666666667,Buy
03.9.2024,88999.0,88999.0,88999.0,87139.0,87110.90283515566,87304.5142857143,87541.20000000001,86406.76499999998,89.25203722802362,497.0948603321158,419.2917859902755,40.846573214913,100.0,Buy
02.9.2024,88999.0,89000.0,88999.0,87263.95,87290.72161275988,87481.65714285715,87816.05,86491.9875,89.25203722802362,586.3803565216804,264.99775338597306,43.67758545886439,99.95,Sell
30.8.2024,89000.0,89000.0,88950.0,87369.05,87453.51003059227,87646.99523809523,88110.95,86576.2225,89.25634813856766,649.7307554562576,189.96845600661874,46.08603656152638,100.0,Sell
29.8.2024,88500.0,89000.0,88500.0,87444.55,87553.17574196443,87754.70476190477,88295.45,86658.00749999999,73.40328944228867,652.0738799154788,123.42071189085942,46.49019345543406,75.0,Sell
27.8.2024,89000.0,89000.0,89000.0,87545.05,87690.968528444,87902.84285714285,88584.95,86741.0925,77.67374756834613,686.3646597064362,128.8808512680248,46.86548199977691,100.0,Sell
26.8.2024,89000.0,89000.0,89000.0,87645.05,87815.63819240172,88041.40952380952,88874.95,86825.4275,77.67374756834613,705.4088357853179,109.09914667780238,47.213964219523845,100.0,Sell
23.8.2024,88999.0,88999.0,88999.0,87745.0,87928.33931693489,88170.35714285714,89164.79999999999,86911.01,77.64483022125685,712.2108673481416,94.65085416218325,47.53320651251746,99.94997498749375,Sell
22.8.2024,88200.0,88200.0,88200.0,87804.95,87954.2117629411,88213.69047619047,89334.65000000001,86993.3375,58.80654672149313,645.6858394574956,28.989680265267207,45.049332063360126,59.979989994997496,Sell
21.8.2024,88000.0,88500.0,87400.0,87854.95,87958.5725474229,88232.26666666666,89484.45,87073.165,55.19653588286316,570.252431971021,7.365967365967832,42.665770768698316,49.97498749374687,Sell
20.8.2024,88500.0,88500.0,88000.0,87929.95,88010.13706671595,88293.7,89509.45,87151.74250000001,61.55117124685895,544.5396206129808,32.7893607605693,40.45246385222663,74.98749374687344,Sell
19.8.2024,86000.0,86000.0,86000.0,87879.95,87818.69544131443,88109.89523809524,88959.65000000001,87222.82,34.898508800338945,318.7584764366038,-148.48800479664203,40.83172895045965,0.0,Buy
16.8.2024,84800.0,84800.0,84800.0,87769.95,87531.20063737972,87816.56666666667,88229.84999999999,87284.64749999999,28.515671175823854,42.50534665241139,-204.84053656043326,41.957115740255915,0.0,Buy
15.8.2024,84500.0,84500.0,84500.0,87644.95,87242.51486239118,87505.14285714286,87454.84999999999,87337.7,27.177413507588668,-198.34830598936242,-189.95208810534632,43.16024562684372,0.0,Buy
14.8.2024,84000.0,84000.0,84000.0,87484.95,86933.70392311583,87158.00476190477,86714.84999999999,87379.50249999999,25.065994102456983,-424.6769705264742,-181.74230134991265,44.52419847192741,0.0,Buy
13.8.2024,84000.0,84000.0,84000.0,87332.45,86654.30354948575,86826.10476190476,85867.34999999999,87410.805,25.065994102456983,-597.1603747019835,-153.72445777878355,45.790726113790846,0.0,Buy
12.8.2024,84000.0,84000.0,84000.0,87179.95,86401.51273524901,86508.72857142857,85019.84999999999,87431.85750000001,25.065994102456983,-725.4916984895972,-131.4488476151666,46.96678749552117,0.0,Buy
09.8.2024,83800.0,83800.0,83601.0,87017.45,86153.74961760624,86186.82857142857,84142.55,87442.16,24.12945079453543,-833.7228872293053,-120.75081812560644,48.26678527456885,3.685867753287646,Buy
08.8.2024,83800.0,84000.0,83800.0,86854.9,85929.58298735802,85880.40476190476,83425.1,87441.70749999999,24.12945079453543,-909.0182870996941,-99.87424404660675,49.002367209598695,3.685867753287646,Buy
07.8.2024,84000.0,84000.0,84000.0,86704.85,85745.81317903822,85608.50952380952,82775.15,87431.2475,27.280555618158246,-941.6968107918656,-84.06841442420767,49.68540757784069,7.390257455084275,Buy
06.8.2024,84000.0,84000.0,84000.0,86504.85,85579.54525722505,85350.90476190476,82075.15,87405.78749999999,27.280555618158246,-956.5680551570549,-75.40649334669264,50.319659348351124,7.391626528343831,Buy
05.8.2024,83000.0,85001.0,83000.0,86204.9,85333.87428034648,85017.10952380953,81775.1,87359.0825,21.985550951846335,-1037.0903343017853,-77.74903265820578,48.64439776472123,0.0,Buy
01.8.2024,87000.0,87000.0,87000.0,86104.95,85492.5529203135,85092.83333333333,82315.05,87301.13249999999,57.51076585273007,-769.2705776852381,27.53055181895874,45.97539589167457,72.72727272727273,Buy
31.7.2024,85000.0,85000.0,85000.0,85904.95,85445.64311837887,84987.6,82615.05,87227.9275,46.186052867052545,-710.2178273140307,-31.639599408520198,43.830735340411316,36.36363636363637,Buy
30.7.2024,87000.0,87000.0,87000.0,85829.95,85593.6771071047,85091.89047619047,83290.05,87147.1975,55.60132265441238,-496.31361745265895,40.62115215381918,41.287950720809214,100.0,Buy
29.7.2024,85900.0,86000.0,84000.0,85674.95,85622.85071595186,85098.56190476191,83825.05,87053.6925,50.38040385668429,-410.8181411515834,-14.315401348170711,39.698987590947986,72.5,Buy
26.7.2024,84700.0,84700.0,83999.0,85459.95,85534.9601715755,85005.70952380952,84180.05,86944.4375,45.374869474642196,-434.8793133811996,-42.20004456684718,38.22404488688149,42.5,Sell
25.7.2024,84000.0,84000.0,84000.0,85210.0,85388.7734885683,84866.66666666667,84470.0,86817.6875,42.70916869002882,-504.6152253744076,-59.03126508011013,36.85445523310546,25.0,Sell
24.7.2024,84000.0,84500.0,83500.0,85000.0,85256.5093467999,84751.42857142857,84720.0,86677.44,42.70916869002882,-553.5010228007159,-55.80179614310981,35.58269341174201,25.0,Sell
23.7.2024,83000.0,83000.0,83000.0,84750.0,85041.60369472372,84560.95238095238,84770.0,86522.1925,38.92082497985443,-665.2662370486796,-112.19220929686931,34.71092349778136,0.0,Sell
22.7.2024,82600.0,82600.0,82000.0,84455.0,84809.07000951194,84356.19047619047,84785.0,86348.44499999999,37.488406510678935,-777.1590261369856,-158.38213070177503,34.466601535168564,12.0,Sell
19.7.2024,82000.0,82001.0,82000.0,84255.0,84541.53953241557,84122.38095238095,84785.0,86167.1975,35.38472659056687,-903.8310514781188,-177.29031814800618,34.23973114131383,0.0,Sell
18.7.2024,83000.0,83000.0,81500.0,84165.0,84394.72624361409,84002.85714285714,84075.0,85986.95,41.297270871197895,-913.0033670419361,-126.65375423689105,33.02694672823381,27.272727272727273,Sell
17.7.2024,81500.0,81500.0,81498.0,84015.0,84119.03802993656,83749.04761904762,83525.0,85805.4525,35.97906617059596,-1029.443177047302,-180.99735227009324,31.902151051842345,0.03635041802980734,Sell
16.7.2024,81500.0,81500.0,81498.0,83890.0,83869.60583660928,83509.52380952382,82550.0,85625.705,35.97906617059596,-1108.9394022418564,-149.41343466941657,30.857697923764558,0.03635041802980734,Buy
15.7.2024,80500.0,80500.0,80500.0,83715.0,83548.69099502744,83186.66666666667,81645.0,85444.8325,32.721078648203985,-1238.3573632661573,-171.80553900378794,30.582827488840433,0.0,Buy
12.7.2024,80500.0,80501.0,80500.0,83540.0,83258.3394716915,82880.47619047618,80980.0,85262.83499999999,32.721078648203985,-1325.640867051392,-141.93288111614248,30.32643933826193,0.0,Buy
11.7.2024,80001.0,81500.0,80001.0,83350.05,82948.11666486374,82543.42857142857,80370.15000000001,85079.465,31.09172891292262,-1418.7246279423707,-121.00900131639766,28.998661010999616,0.0,Buy
10.7.2024,81500.0,81500.0,81500.0,83235.05,82810.20079201958,82367.23333333334,79985.15000000001,84898.4725,40.652158389348514,-1355.907350829133,-70.35519125683018,27.765723992827468,24.987497916319388,Buy
09.7.2024,81500.0,81500.0,81500.0,83110.05,82685.41976420819,82201.99047619048,79810.15000000001,84718.7325,40.652158389348514,-1291.2395998050342,-63.89028265596217,26.620853904524754,31.900404341349223,Buy
08.7.2024,81998.0,81998.0,81998.0,83009.95,82619.95121523597,82096.08095238096,79789.84999999999,84543.9875,43.66371696631352,-1186.1325059849623,-40.12165582761426,25.002343973771424,44.38764169815514,Buy
05.7.2024,81998.0,81999.0,81900.0,82959.85,82560.71776616586,81999.70476190477,79839.54999999999,84381.735,43.66371696631352,-1090.2664637500275,-37.98047487367856,23.599140058297824,44.38764169815514,Buy
04.7.2024,80500.0,80500.0,79300.0,82634.85,82364.45893129293,81765.43333333333,79664.54999999999,84208.23000000001,37.09663110270045,-1122.2316276542697,-110.61057125203617,24.2796541345702,32.432432432432435,Buy
03.7.2024,79000.0,79999.0,79000.0,82334.85,82044.0342711698,81419.25714285714,79464.54999999999,84029.725,31.91967398581555,-1254.1447147284925,-135.96116648277817,25.079587098972496,0.0,Buy
02.7.2024,79000.0,79000.0,78500.0,81934.85,81754.12624534412,81101.65238095238,79364.54999999999,83834.97,31.91967398581555,-1343.203176513387,-156.53387977437842,26.096079705927174,11.11111111111111,Buy
01.7.2024,78999.0,78999.0,78999.0,81589.8,81491.73326959707,80822.04761904762,79409.40000000001,83630.7125,31.91623025026955,-1397.7509380085248,-138.10363942076893,27.039965698099373,11.088888888888889,Buy
28.6.2024,78999.0,79000.0,78900.0,81304.75,81254.33010106401,80575.30476190476,79394.25,83422.9525,31.916230250269564,-1424.5590025644487,-123.32917515184441,27.974753446546003,14.261217490711632,Buy
27.6.2024,79000.0,79500.0,79000.0,81054.75,81039.63199620078,80355.80476190476,79444.04999999999,83215.19,31.92474809992288,-1429.2484092385857,-100.26242922491856,28.160289709639194,14.289797084881394,Buy
26.6.2024,79000.0,79499.0,78285.0,80804.75,80845.38132989596,80160.11428571428,79194.04999999999,83005.4275,31.92474809992288,-1416.6347146472253,-102.98726874323914,28.803830044534102,19.251480883144858,Sell
25.6.2024,78000.0,78000.0,78000.0,80554.75,80574.39263181064,79892.99523809523,78744.04999999999,82795.66500000001,27.87953610993877,-1470.3802848147025,-140.19609198899232,29.57729763325519,0.0,Sell
24.6.2024,78285.0,79499.0,77800.0,80339.0,80356.35523830487,79676.82857142857,78217.20000000001,82589.865,30.57933921944543,-1472.9971242927713,-98.9539126613954,28.483592261078194,11.550369135508454,Sell
20.6.2024,78000.0,79000.0,77800.0,80139.0,80131.9404537044,79454.06666666667,77617.6,82384.065,29.394329734010014,-1480.9961053734005,-101.30825070108838,27.468008701199555,4.763038818766373,Buy
19.6.2024,80000.0,80000.0,80000.0,79989.0,80119.37469620875,79440.82857142857,77667.6,82175.265,45.38809948336179,-1310.8415053040953,-1.7281066240805854,25.519147353644264,52.3934270064301,Sell
18.6.2024,83498.0,83498.0,83498.0,80088.9,80441.14853466506,79775.01904761905,78467.30000000002,81978.95999999999,61.72055238074134,-883.5483969272464,182.59869183269464,25.95201652569707,100.0,Sell
17.6.2024,83990.0,84000.0,83980.0,80213.4,80779.13438850649,80146.55238095239,79340.80000000002,81795.12999999999,63.37944774787966,-499.4578032197023,182.22134977543294,26.582252589344687,99.83870967741936,Sell
14.6.2024,84000.0,84000.0,83990.0,80388.4,81085.883494363,80507.18095238095,80166.0,81628.8,63.41415226733722,-192.04257677397982,152.55659438561486,27.167471791303196,100.0,Sell
13.6.2024,83999.0,85000.0,83500.0,80563.35,81363.32316156653,80851.04761904762,80991.04999999999,81479.9675,63.40768102446663,50.918555931639276,133.72798800109265,28.164687916326184,86.09722222222223,Sell
12.6.2024,82300.0,82500.0,81000.0,80678.3,81452.53047951257,81016.44285714286,81536.09999999999,81346.37999999999,53.43125579088611,105.1596877559059,45.29313584890726,26.9963332638893,62.5,Sell
11.6.2024,81000.0,81000.0,80900.0,80653.3,81409.43233860661,81047.08095238096,81961.09999999999,81217.29250000001,47.299007054111314,42.75419630476972,11.41147057478686,25.840592331833868,44.44444444444444,Sell
10.6.2024,81000.0,81000.0,80500.0,80628.3,81370.43878254884,81080.1,82586.09999999999,81093.205,47.299007054111314,-6.626222311417223,7.888741989024098,24.476084844276837,44.44444444444444,Sell
07.6.2024,81500.0,81500.0,80006.0,80603.4,81382.77794611562,81163.11904761905,83254.0,80972.8775,49.865595643804696,-5.353032084094593,16.613193012258932,23.523504357645447,51.388888888888886,Sell
06.6.2024,80500.0,80500.0,79000.0,80528.5,81298.70385600938,81153.27142857143,83828.9,80851.31,45.13155050676642,-84.06659493065672,-19.110140930756806,21.902332244594536,37.5,Sell
05.6.2024,78500.0,79000.0,78000.0,80428.5,81032.16063162753,80960.08095238096,83628.9,80740.9925,37.46980832434859,-304.3229009223578,-73.36401510606379,20.929553710038697,9.722222222222221,Sell
04.6.2024,78500.0,78500.0,78500.0,80403.5,80791.00247623443,80776.41428571429,82654.29999999999,80644.425,37.4698083243486,-473.4203155777068,-70.39011603107137,20.02625935652256,9.722222222222221,Sell
03.6.2024,78500.0,78500.0,78500.0,80378.5,80572.81176421209,80595.12857142858,81581.29999999999,80566.6075,37.4698083243486,-600.5089416971168,-69.23146497631433,19.187486028257577,9.722222222222221,Sell
31.5.2024,78500.0,78500.0,78450.0,80353.55,80375.40112000142,80416.22380952381,80506.24999999999,80504.795,37.46980832434859,-693.2363958738861,-68.09390944570488,18.44538430651774,7.142857142857143,Sell
30.5.2024,78000.0,78000.0,77500.0,80303.6,80149.17244190605,80192.07619047619,79356.4,80454.7375,35.44633554572685,-797.8720207032748,-87.96957333149291,18.427192534968974,6.666666666666667,Buy
29.5.2024,78000.0,78000.0,78000.0,80253.6,79944.48935220072,79972.68571428572,78546.4,80414.68,35.44633554572685,-870.7589402054728,-77.81588547848618,18.410300175673687,6.666666666666667,Buy
28.5.2024,78000.0,79000.0,78000.0,80203.6,79759.29989008637,79758.05714285714,77996.4,80384.6225,35.44633554572684,-917.9408977618295,-64.1413204855927,17.451745395842572,6.666666666666667,Buy
27.5.2024,77969.0,77969.0,77969.0,80202.05,79588.79513864958,79545.23809523809,77391.74999999999,80366.9875,35.29872389407879,-946.9188884653995,-76.78455917061487,16.586868361078654,6.253333333333333,Buy
23.5.2024,77000.0,77000.0,76001.0,80137.8,79342.24322068295,79240.28095238096,76555.99999999999,80356.9275,30.958816943494796,-1036.1304892905318,-114.58266730829425,17.15310838063876,15.371595630096937,Buy
22.5.2024,76990.0,76990.0,76990.0,80087.3,79118.22005680838,78940.49047619048,75904.49999999999,80354.3425,30.916572104963407,-1095.015584076129,-99.01275393318268,17.678902684516,17.985088197854154,Buy
21.5.2024,76990.0,76990.0,75750.0,79936.8,78915.53243235043,78645.50952380952,75752.99999999999,80351.7325,30.916572104963407,-1128.6718197733717,-99.45748015662662,18.86224588387973,21.565217391304348,Buy
20.5.2024,75200.0,75500.0,75000.0,79521.9,78561.67220069801,78194.38571428572,75507.9,80323.3825,24.09188827490344,-1284.9703312766505,-129.94282831853633,20.324909010605143,3.076923076923077,Buy
17.5.2024,75500.0,75500.0,75000.0,79097.4,78270.0843720601,77811.34761904762,75332.4,80267.5825,27.000359874896205,-1368.8512695624086,-122.14950126447644,21.68309619970731,9.090909090909092,Buy
16.5.2024,75200.0,75200.0,75000.0,78657.4,77977.69538424486,77440.16666666667,75112.4,80181.0325,25.930392789224328,-1442.9021326687507,-129.21987936038275,22.944270018159322,5.0,Buy
15.5.2024,75000.0,75000.0,75000.0,78207.45,77694.10534765011,77091.84285714285,74962.34999999999,80063.2375,25.213061342315626,-1500.4302774652606,-127.4662705780416,24.11535999243619,0.0,Buy
14.5.2024,75000.0,75000.0,74998.0,77842.45,77437.52388596915,76786.37142857142,74727.34999999999,79921.445,25.213061342315626,-1528.403265240704,-114.2455374680552,25.204004288486235,0.04997501249375312,Buy
13.5.2024,74015.0,74015.0,74000.0,77493.2,77111.56923016255,76421.85238095238,74279.59999999999,79763.44,21.772736900155905,-1611.4772213013348,-135.85003598729608,26.777520018525195,0.3,Buy
10.5.2024,75000.0,75000.0,74000.0,77193.2,76910.46739871851,76184.40476190476,73985.8,79591.685,31.79517942989078,-1579.6237427585147,-99.2419737390717,26.96287464868845,20.0,Buy
09.5.2024,74000.0,74000.0,74000.0,76818.2,76633.280027412,75880.29047619048,73760.8,79402.425,27.88864776725984,-1616.4379832989362,-115.86710138177246,27.134989662411474,0.0,Buy
07.5.2024,74500.0,74600.0,73320.0,76518.2,76430.1105009918,75659.50952380952,73562.8,79201.91,32.36337613771035,-1586.9740636847564,-99.2330950262821,27.741417242435706,20.774647887323944,Buy
02.5.2024,73350.0,73350.0,73350.0,76260.7,76136.76664375448,75357.77619047619,73092.3,78993.52,28.05179800778332,-1637.5425134037214,-118.21314436570736,28.304528566743922,0.6453000645300064,Buy
30.4.2024,73350.0,73350.0,73300.0,76003.2,75871.36029673026,75080.56666666667,72979.8,78773.505,28.05179800778332,-1658.5002160222357,-108.06562694392655,28.861871097912562,1.3513513513513513,Buy
29.4.2024,73500.0,73500.0,73100.0,75753.2,75645.51645894643,74842.16666666667,72829.8,78542.24,29.47314380661105,-1644.053969173241,-99.20296656018425,29.52210046840135,10.282776349614396,Buy
26.4.2024,73004.0,73500.0,73000.0,75478.4,75393.94346285629,74580.3380952381,72665.4,78298.4825,27.53602543554281,-1653.5669784035417,-102.62350103403335,30.208372516714967,0.10025062656641603,Buy
25.4.2024,72500.0,72500.0,71000.0,75203.4,75118.32979972713,74296.68095238095,72440.4,78043.4725,25.688454123387302,-1682.3812508386327,-146.02459929414806,31.988573749954636,33.333333333333336,Buy
23.4.2024,71000.0,71000.0,70900.0,74853.4,74726.10791403883,73896.35714285714,71990.4,77773.4625,21.141839593798707,-1805.4422192611237,-173.0937340843612,33.68634969113341,2.1739130434782608,Buy
22.4.2024,70600.0,70600.0,70000.0,74483.4,74333.14525555895,73491.27142857143,71677.4,77487.45249999998,20.119218631219937,-1913.1914997145213,-177.21019269587984,35.639419466574125,11.538461538461538,Buy
19.4.2024,70999.0,70999.0,70999.0,74134.9,74015.60761217239,73159.42380952381,71225.70000000001,77184.095,24.064814183324444,-1943.9786396741401,-138.04829326684774,36.83384552550511,19.98,Buy
18.4.2024,70013.0,70013.0,69000.0,73785.55,73634.40688720359,72766.8619047619,70777.65000000001,76866.4825,21.269012909286957,-2024.6012861989293,-169.01930273053998,38.70878756226868,16.883333333333333,Buy
17.4.2024,68503.0,68503.0,68501.0,73361.2,73145.70146937468,72263.76190476191,70002.59999999999,76530.1775,17.849035384029506,-2185.150638476771,-186.03279130292026,40.60024439547668,0.030773965225419295,Buy
16.4.2024,68500.0,68500.0,67000.0,72936.7,72703.25371038662,71800.79047619048,69457.09999999999,76180.1725,17.842896770801516,-2286.274482700406,-167.55190168902394,42.74444827805629,18.75,Buy
15.4.2024,68300.0,68300.0,68300.0,72591.7,72283.89621415932,71359.2,68792.09999999999,75833.66249999999,17.41294361742034,-2355.40257167675,-132.96151416337483,44.73549474045165,17.105263157894736,Buy
12.4.2024,68497.0,68497.0,68000.0,72241.55,71923.23943185844,70969.22857142857,68141.65000000001,75490.87,19.47133145941787,-2367.005461083565,-115.3534223980023,46.65755551948213,19.69736842105263,Buy
11.4.2024,68000.0,68000.0,68000.0,71881.55,71549.59758120526,70565.27142857143,67500.84999999999,75152.0775,18.236436426017065,-2388.7683463899302,-110.5884578756029,48.44232624286758,15.384615384615385,Buy
09.4.2024,68003.0,68003.0,68000.0,71531.7,71211.82638299523,70195.88571428572,66951.3,74818.29000000001,18.270131370437582,-2378.3572924688197,-99.10543812209823,50.09465360831531,15.430769230769231,Buy
08.4.2024,68020.0,68020.0,68020.0,71182.7,70907.84291794807,69861.43809523809,66704.3,74485.30249999999,18.47515657614302,-2341.740571676288,-90.19839851802861,51.59877724126209,15.692307692307692,Buy
05.4.2024,68007.0,68007.0,68007.0,70882.3,70631.57216385778,69558.99047619048,66486.09999999999,74154.75749999999,18.43706776461994,-2287.4027924607653,-82.06400162871674,52.9996338903875,15.492307692307692,Buy
04.4.2024,68002.0,68075.0,68002.0,70532.4,70381.13671968084,69284.6761904762,66236.6,73821.7175,18.4213372915395,-2219.1620504262537,-74.65583053213452,54.162572735460124,18.21818181818182,Buy
03.4.2024,68002.0,68002.0,68002.0,70232.5,70154.55227018743,69043.68571428572,66134.29999999999,73492.4325,18.4213372915395,-2140.407485579548,-68.99123624836841,55.242444520170416,25.05,Buy
02.4.2024,68002.0,68002.0,68002.0,69907.6,69949.54729207433,68831.25714285714,66359.0,73161.9025,18.4213372915395,-2054.3130830862065,-63.87106506737592,56.24518260597283,25.056264066016503,Sell
01.4.2024,67500.0,69490.0,67500.0,69615.1,69716.25707378154,68601.9619047619,66451.5,72829.6225,16.64094509333688,-2003.4948123796057,-53.62845712519963,54.32845521885837,12.50312578144536,Sell
29.3.2024,68000.0,68000.0,68000.0,69347.6,69552.80401913568,68448.14285714286,66659.0,72496.8425,24.4709089414644,-1900.9620383231086,-55.769660891557706,52.54863693082352,33.18951211417192,Sell
28.3.2024,68000.0,68000.0,67999.0,69072.6,69404.91792207514,68319.8,66834.6,72162.8125,24.4709089414644,-1798.9667077851336,-52.58807640033887,50.89687392562063,40.16064257028113,Sell
27.3.2024,67151.0,67151.0,67151.0,68779.95,69190.2590723537,68136.79047619048,66957.45,71827.89,20.65098438473447,-1766.2812869045447,-101.0124311162372,50.08675372233231,6.06425702811245,Sell
26.3.2024,67151.0,67151.0,67151.0,68512.5,68996.04392260572,67981.65238095238,67054.5,71493.345,20.65098438473447,-1720.54448949777,-109.53881526949482,49.3344992478503,0.0,Sell
25.3.2024,68000.0,68001.0,68000.0,68362.5,68901.18259664327,67932.84285714285,67200.5,71168.8,32.81427443268191,-1597.376975979656,-35.98638873432387,47.21040151744711,36.29756306113724,Sell
22.3.2024,69630.0,69630.0,67001.0,68314.0,68970.59377791533,68053.55714285714,67573.6,70860.33,48.983374422272384,-1352.6459955768078,66.10711377943196,44.38526519332326,100.0,Sell
21.3.2024,69800.0,69800.0,67003.0,68254.05,69049.5848466853,68195.08095238096,67993.15000000001,70566.2875,50.326087453373844,-1131.9291762232751,134.8379494143089,41.9266394940904,100.0,Sell
20.3.2024,67001.0,67001.0,66800.0,68103.45,68854.48152795338,68075.74285714286,67943.55,70282.1825,34.31315713181252,-1169.3854667443084,-249.30150350405685,39.399234396298375,6.7,Sell
19.3.2024,66650.0,66651.0,66602.0,68010.8,68644.53090624354,67937.31904761905,67765.8,70014.6625,32.89946330812883,-1213.4052332010324,-225.15004738338615,36.81150510470822,1.5009380863039399,Sell
18.3.2024,66500.0,66500.0,66500.0,67910.8,68440.28986755369,67793.43333333333,67665.8,69763.36750000001,32.28726134684668,-1246.0314863144158,-184.84613751513123,34.28145502091339,0.0,Sell
15.3.2024,66105.0,66105.0,66105.0,67801.05,68217.88130873904,67621.45238095238,67396.55,69523.835,30.6688323013735,-1288.9035480264574,-183.2849088192659,32.21960763651346,0.0,Sell
14.3.2024,66103.0,66103.0,66103.0,67681.35,68016.46404124009,67459.73333333334,67136.85,69295.825,30.660452020173878,-1307.9639548033883,-149.5059117428134,30.307507180886688,0.0,Sell
13.3.2024,66026.0,66027.0,66002.0,67582.65,67826.89603731247,67302.08095238096,67010.55000000002,69080.88,30.316978954854505,-1314.1341999442375,-132.2585184794279,28.66375889485883,0.631911532385466,Sell
12.3.2024,66000.0,66000.0,66000.0,67482.5,67652.90593852081,67151.35238095238,66880.5,68878.42000000001,30.193979892608795,-1306.0666233458323,-115.5939983687096,27.140175323724552,0.0,Sell
11.3.2024,66102.0,66102.0,66102.0,67386.6,67505.20061104263,67019.87619047619,66596.79999999999,68688.615,31.37033718855311,-1276.725170189282,-95.31114139251231,25.554196335312362,2.6842105263157894,Sell
08.3.2024,66102.0,66110.0,66005.0,67291.35,67371.56245761,66897.53333333334,65986.44999999998,68509.0675,31.370337188553094,-1239.1872776000819,-88.13674666747974,24.233337555491456,2.6842105263157894,Sell
07.3.2024,66003.0,66003.0,66003.0,67191.4,67241.22317593286,66774.83333333333,65327.0,68342.0175,30.786342550998484,-1203.5528913538583,-85.14706624287348,23.010120264357813,0.07894736842105263,Sell
06.3.2024,66003.0,66003.0,66003.0,67091.45,67123.29715917734,66661.65238095238,65227.34999999999,68184.965,30.786342550998484,-1161.9185102053452,-77.35758531550276,21.874275636876572,0.07894736842105263,Sell
05.3.2024,66003.0,66003.0,66000.0,66991.5,67016.60219163663,66557.99047619048,65197.899999999994,68039.16,30.786342550998484,-1116.0577442319482,-71.24199471431614,20.825286126945404,0.07894736842105263,Sell
04.3.2024,66110.0,66110.0,66110.0,66922.0,66930.25912576648,66474.0380952381,65189.399999999994,67904.50499999999,32.48304296667409,-1058.8727253726538,-57.797110346424006,19.60568953700362,2.8947368421052633,Sell
01.3.2024,66110.0,66110.0,66100.0,66827.5,66852.1392090268,66396.70476190477,65284.899999999994,67778.5,32.48304296667409,-1002.0027222735225,-53.75295400118688,18.495325876041587,10.989010989010989,Sell
29.2.2024,66101.0,66101.0,66100.0,66732.55,66780.60214150044,66327.5142857143,65379.45,67661.4975,32.40555025365768,-946.7455663152359,-50.66866097405419,17.464273905148268,15.514592933947773,Sell
28.2.2024,66100.0,66100.0,66000.0,66680.0,66715.78288992896,66267.27142857143,65446.79999999999,67556.5,32.39630238235924,-892.7435715750908,-50.116691886385986,16.75337203836974,20.0,Sell
27.2.2024,66000.0,66001.0,66000.0,66622.45,66647.6130908881,66202.50952380952,65504.34999999999,67461.9975,31.43034879270205,-848.2378084986267,-53.158444435987676,16.093248876361105,0.0,Sell
26.2.2024,66000.0,66000.0,65998.0,66522.45,66585.93565366066,66143.22857142857,65583.95,67369.99500000001,31.43034879270205,-803.7020931709267,-50.8474238116624,15.485784815991696,1.7857142857142858,Sell
23.2.2024,66000.0,66000.0,66000.0,66340.95,66530.13225807394,66093.47142857143,65745.05,67271.3425,31.43034879270205,-759.6504404991283,-50.37668923870825,14.921711045648674,1.7857142857142858,Sell
22.2.2024,65500.0,65501.0,65500.0,66125.95,66432.02442397166,66013.38095238095,65859.45,67164.9375,26.496619272255884,-756.3660922178096,-240.23749566526217,15.682848429414632,0.0,Sell
21.2.2024,65500.0,65500.0,65500.0,66050.9,66343.26019311721,65953.76666666666,65833.9,67062.31,26.496619272255884,-745.173328268429,-253.43847848776647,16.389618857197306,0.0,Sell
20.2.2024,65500.0,65500.0,65500.0,65993.4,66262.94969853462,65901.3,65790.80000000002,66961.44,26.496619272255884,-727.9120650229743,-222.2726619303757,17.045905682995503,0.0,Sell
19.2.2024,65500.0,65500.0,65500.0,65943.4,66190.2878224837,65854.30952380953,65718.80000000002,66863.06999999999,26.496619272255884,-706.0929890896659,-166.69826463933927,17.655314878379546,0.0,Sell
16.2.2024,65500.0,65501.0,65500.0,65913.15,66124.5461251043,65812.08095238096,65627.05000000002,66768.67499999999,26.496619272255884,-680.9516277278017,-133.26817614160402,18.216500176539466,0.0,Sell
15.2.2024,65500.0,65500.0,65500.0,65883.0,66065.06554176104,65772.73333333334,65537.0,66678.75749999999,26.496619272255884,-653.4938474274531,-111.14367352919653,18.737600810545107,0.0,Sell
14.2.2024,65499.0,65500.0,65000.0,65856.65,66011.15453778379,65736.1619047619,65443.149999999994,66592.45749999999,26.483649210056043,-624.613890241395,-132.2330769942664,20.460298047982707,44.95495495495496,Sell
13.2.2024,65110.0,65110.0,65110.0,65812.15,65925.33029609009,65665.05238095239,65309.649999999994,66508.93999999999,21.976995422272495,-625.9003751783312,-155.50375725363716,22.05994548274619,9.90990990990991,Sell
12.2.2024,65110.0,65110.0,65110.0,65762.55,65847.67979170056,65598.18095238095,65181.25,66427.7375,21.976995422272495,-619.775537163936,-133.33888146248646,23.54533238645514,9.990917347865576,Sell
09.2.2024,65101.0,65101.0,65000.0,65712.5,65776.56743058622,65535.17619047619,65051.5,66348.795,21.877103936237333,-608.6318545354006,-124.71445450964866,25.17005752903362,9.181818181818182,Sell
08.2.2024,65200.0,65200.0,65001.0,65672.35,65721.65624672087,65486.36666666667,65031.649999999994,66272.8425,25.868635072026578,-585.0676376095071,-100.45574478292045,26.10327676839568,19.98001998001998,Sell
07.2.2024,65100.0,65100.0,65100.0,65627.2,65662.45088989032,65431.857142857145,64996.8,66199.63,24.506583816005204,-567.9154148030648,-97.81951104572906,26.969837490660442,10.0,Sell
06.2.2024,65100.0,65100.0,65100.0,65582.05,65608.88413847219,65381.64761904762,64961.95,66129.1575,24.506583816005204,-548.0050930623838,-91.14348225686845,27.774501018477725,10.0,Sell
05.2.2024,65100.0,65100.0,65100.0,65531.55,65560.41898242722,65335.73809523809,64932.45,66059.635,24.506583816005204,-526.1607658517241,-87.43198082340281,28.521688580022346,19.960079840319363,Sell
02.2.2024,65100.0,66000.0,65000.0,65481.05,65516.569555529386,65294.63809523809,64902.95,65992.3125,24.506583816005204,-503.0501303920828,-25.972530162112303,27.726717439395888,10.0,Sell
01.2.2024,65000.0,65000.0,65000.0,65426.0,65467.37245500278,65248.82380952381,64858.0,65926.985,22.88580112552276,-487.1879501272051,-100.21449514926229,26.988529951671325,0.0,Sell
31.1.2024,64500.0,64500.0,64500.0,65346.0,65375.24174500252,65160.63333333333,64738.2,65860.285,16.875937568523256,-509.0943564709305,-194.05929239061965,25.544939295227174,0.0,Sell
30.1.2024,65000.0,65000.0,64500.0,65296.0,65339.50443595466,65127.68095238095,64766.2,65793.9625,35.201197910840406,-480.5698103702016,-107.31380884899899,24.620367235391257,33.333333333333336,Sell
29.1.2024,64500.0,64500.0,64500.0,65221.0,65259.551632530405,65051.87142857143,64719.2,65728.88999999998,28.447367389703302,-492.63098011611874,-170.5674946951902,23.76183603697219,0.0,Sell
26.1.2024,64250.0,64250.0,64250.0,65133.5,65163.4038580037,64959.39523809524,64636.5,65668.51749999999,25.78362968470296,-516.4096062120298,-215.55613021865656,22.198770155147255,0.0,Sell
25.1.2024,65000.0,65000.0,65000.0,65108.5,65147.84158581287,64946.68095238095,64621.5,65617.64499999999,43.02097336190799,-469.3255143360366,-26.18503276939317,22.396224475570136,42.857142857142854,Sell
24.1.2024,65000.0,65000.0,64400.0,65083.5,65133.761434783075,64936.34761904762,64626.5,65569.275,43.020973361908,-427.0878296544397,-68.71298629237778,21.0752957211796,42.857142857142854,Sell
23.1.2024,64300.0,64500.0,64054.0,65023.5,65054.35558385136,64861.72857142857,64526.5,65520.77999999999,34.37809213846134,-444.9689846229303,-167.33699105717474,19.994279114751745,12.64131551901336,Sell
22.1.2024,64500.0,64500.0,64500.0,64973.5,65001.559813960754,64811.87142857143,64456.5,65472.284999999996,38.19836941484507,-437.953148947272,-100.54815281903265,18.99047798021159,22.91880781089414,Sell
18.1.2024,64500.0,64500.0,64500.0,64923.5,64953.79221263116,64766.776190476194,64386.5,65422.802500000005,38.19836941484507,-427.4654925182258,-87.89736010895739,18.05837692671002,22.91880781089414,Sell
17.1.2024,64000.0,64000.0,64000.0,64848.5,64862.95485904724,64678.82380952381,64261.5,65371.0775,32.681883806137876,-454.26330594255705,-167.52167824635129,18.173963465939703,0.0,Sell
16.1.2024,64000.0,64000.0,64000.0,64773.55,64780.76868199512,64598.014285714286,64236.45,65316.9225,32.681883806137876,-470.0819539993099,-142.53902405601087,18.28129382379584,0.0,Sell
15.1.2024,63500.0,63560.0,63500.0,64693.05,64658.7907122813,64476.723809523806,64016.95,65260.967500000006,27.99330511309408,-517.0044622603018,-189.38811172208273,19.211917326647576,0.0,Buy
12.1.2024,65000.0,65000.0,64500.0,64687.55,64691.28683492117,64505.95714285714,64122.45,65207.217500000006,50.79794821527949,-428.2172027809138,27.517634037576244,18.510464730425905,100.0,Sell
11.1.2024,65000.0,65000.0,65000.0,64682.5,64720.68808873821,64535.71428571428,64277.5,65155.717500000006,50.79794821527949,-353.77456697477464,56.49908701874681,17.859115891077213,100.0,Sell
10.1.2024,65000.0,65000.0,65000.0,64672.5,64747.28922314409,64565.95238095238,64287.5,65105.725,50.79794821527948,-291.4189455656888,58.523342325469244,17.254291968824855,100.0,Sell
09.1.2024,65000.0,65000.0,65000.0,64667.5,64771.35691617799,64597.142857142855,64292.5,65057.740000000005,50.79794821527948,-239.24381260341033,60.07927126069092,16.69266975530481,100.0,Sell
05.1.2024,65000.0,65000.0,65000.0,64662.5,64793.132447970565,64628.80952380953,64437.5,65011.7625,50.79794821527948,-195.6394342129861,61.672149026367826,16.171163414179052,100.0,Sell
04.1.2024,65000.0,65000.0,64010.0,64657.5,64812.834119592415,64660.95238095238,64542.5,64968.06000000001,50.79794821527948,-159.24695046876877,7.804028064841748,16.1882808017381,100.0,Sell
03.1.2024,65000.0,65000.0,64997.0,64652.5,64830.659441535994,64693.57142857143,64647.5,64926.63250000001,50.79794821527948,-128.91954069231724,75.67963185157569,16.204175518757214,100.0,Sell
02.1.2024,64375.0,64375.0,64375.0,64621.25,64787.26330424685,64667.142857142855,64753.75,64886.395000000004,41.58030984481723,-153.5471308595661,-40.414885508830416,17.094610294425916,58.333333333333336,Sell
28.12.2023,64500.0,64501.0,64000.0,64621.25,64759.904894318584,64655.59523809524,64853.75,64850.15750000001,43.777649395786135,-161.12091653637617,-45.842427769963145,18.364424747541584,66.66666666666667,Sell
27.12.2023,64998.0,64998.0,64997.0,64621.15,64782.58061866919,64691.47619047619,65153.450000000004,64816.415,51.58992710860779,-125.49216267590236,79.4883941260052,18.48002142917102,99.86666666666666,Sell
26.12.2023,64999.0,64999.0,64999.0,64646.1,64803.19198831975,64727.461904761905,65128.299999999996,64787.670000000006,51.60446928042708,-96.06801463507145,72.01708787552013,18.585311620483207,99.93333333333334,Sell
25.12.2023,63500.0,63500.0,63500.0,64608.6,64679.078465622624,64618.30952380953,64865.799999999996,64761.425,34.752101634615485,-191.49846258443722,-174.2392345540753,20.275614583372867,0.0,Sell
22.12.2023,64700.0,64700.0,64700.0,64593.6,64681.07099270618,64627.014285714286,64820.799999999996,64735.68000000001,49.08627822734626,-168.35709317059082,25.26215510450108,19.877756101488814,80.0,Sell
21.12.2023,65000.0,65500.0,65000.0,64593.6,64711.445183877026,64665.719047619044,64820.799999999996,64711.185,51.929492695142564,-124.37616735438496,97.01893279985498,18.508327368464784,75.0,Sell
20.12.2023,65000.0,65000.0,64899.0,64628.6,64738.926594936354,64704.42380952381,64785.799999999996,64691.44,51.929492695142564,-88.50078482198296,59.13663443695579,17.352486843193923,75.0,Sell
19.12.2023,64980.0,64980.0,64980.0,64652.6,64761.88596684718,64737.89047619048,64757.799999999996,64675.395000000004,51.706240445133645,-60.98017702796642,56.557466798057604,16.27920635544241,74.0,Sell
18.12.2023,64990.0,64990.0,64990.0,64677.1,64783.611112861734,64770.02380952381,64731.299999999996,64663.075,51.817778552688914,-37.92579568475776,53.975037741062906,15.268914555334858,74.5,Sell
15.12.2023,64990.0,64990.0,64990.0,64726.6,64803.267197351095,64799.82380952381,64804.799999999996,64656.98,51.817778552688914,-19.431043399505143,50.58187536285007,14.33078645523499,74.5,Sell
14.12.2023,64500.0,65000.0,64500.0,64751.6,64774.384607127184,64778.24285714285,64779.799999999996,64655.88249999999,45.80579078800276,-43.80773555892665,-13.371915028096176,14.131445828398853,50.0,Sell
13.12.2023,64100.0,64101.0,64100.0,64781.6,64710.157501686495,64716.18571428571,64570.200000000004,64660.31,41.56616212846935,-94.3158820022436,-147.4419199359569,14.438577487529178,30.0,Buy
12.12.2023,64000.0,64000.0,64000.0,64731.6,64642.523453906826,64641.747619047615,64420.4,64662.5125,40.555554732199184,-140.7901747199212,-140.35445959173714,14.843461252005795,25.0,Buy
11.12.2023,64000.0,64000.0,63900.0,64681.6,64581.330744010935,64572.07142857143,64570.4,64662.46749999999,40.555554732199184,-175.5972111828305,-125.11042730178038,15.342941258066983,25.0,Buy
07.12.2023,63850.0,64000.0,63850.0,64624.1,64511.680196962276,64492.87142857143,64457.9,64660.0475,38.909810700313194,-212.83238549214002,-115.43257957632017,15.871063848001473,17.5,Buy
06.12.2023,63900.0,63900.0,63900.0,64569.1,64453.42494010872,64423.909523809525,64292.9,64655.12749999999,39.78694487964854,-235.591198577873,-99.9001074601571,16.361463395797788,20.0,Buy
05.12.2023,63900.0,63900.0,63900.0,64514.1,64400.71780295551,64360.18571428571,64127.9,64647.7075,39.78694487964854,-250.73737750740838,-88.268225699979,16.816834404465794,20.0,Buy
04.12.2023,63800.0,63800.0,63800.0,64454.1,64343.50658362641,64292.17619047619,63951.9,64637.5375,38.50459514170807,-267.7238438766144,-91.12572746995461,17.39405306171016,0.0,Buy
01.12.2023,64500.0,64500.0,63700.0,64429.1,64358.41071851914,64296.54761904762,63878.9,64626.36749999999,50.52534128144023,-222.1408891074534,-27.24855579785118,16.3764321140509,44.44444444444444,Buy
30.11.2023,65000.0,65000.0,65000.0,64460.35,64419.514459612554,64350.91904761905,63849.65,64618.322499999995,56.99219045559973,-144.0101879167196,74.04667368016058,15.852246250434629,100.0,Buy
29.11.2023,65000.0,65000.0,64500.0,64485.35,64474.79879679231,64402.31428571429,63924.65,64611.52749999999,56.99219045559973,-81.15553384515806,47.03510462707586,14.953404056220885,100.0,Buy
28.11.2023,64000.0,65000.0,64000.0,64435.45,64429.57986376447,64356.090476190475,63954.55,64602.24250000001,43.7329637193675,-110.7576648848626,-15.592752372733719,14.86755160554129,23.076923076923077,Buy
27.11.2023,65500.0,65500.0,65500.0,64460.5,64531.52463864404,64457.47619047619,64229.5,64592.9625,59.102880371156274,-13.029902424415923,135.00448410875674,13.938666895638288,100.0,Sell
24.11.2023,65500.0,65500.0,65500.0,64560.5,64623.760387344606,64556.47619047619,64429.5,64590.55750000001,59.10288037115627,63.68592175313097,123.61619523017252,13.0761310935855,100.0,Sell
23.11.2023,64000.0,64000.0,63001.0,64525.5,64564.35463616893,64503.09523809524,64494.5,64587.152500000004,44.883676967835434,3.407027057444793,-105.34432879307253,14.919691463015383,39.975990396158466,Sell
22.11.2023,63000.0,63201.0,63000.0,64425.5,64415.36848034332,64357.80952380953,64414.5,64578.74750000001,38.272914151321714,-123.6309334825637,-157.79090392867363,16.63227852343247,0.0,Buy
21.11.2023,63500.0,64000.0,63500.0,64350.5,64328.19052983443,64269.666666666664,64409.5,64564.842500000006,42.808654153431334,-181.8671597349021,-80.4212682788982,17.00516482689377,20.0,Buy
20.11.2023,63500.0,63500.0,63500.0,64276.5,64249.31524127877,64188.666666666664,64423.5,64546.0375,42.808654153431334,-225.4212724997269,-92.22206370718995,17.35141639439355,20.0,Buy
17.11.2023,63500.0,63500.0,63500.0,64202.0,64177.951884966504,64114.71428571428,64298.0,64522.28250000001,42.808654153431334,-256.97596173142665,-85.82403146316673,17.672935707071918,20.0,Buy
16.11.2023,63010.0,63010.0,63000.0,64103.0,64066.718372112555,64001.19047619047,63999.0,64491.1025,39.27615946057552,-317.8581146994984,-136.43728520464114,18.459976131566414,0.4,Buy
15.11.2023,62701.0,62701.0,62600.0,64013.05,63936.64995572088,63867.666666666664,63629.149999999994,64454.175,37.19192903738198,-386.5850651479923,-162.20814534627556,19.54789686252172,3.4827586206896552,Buy
14.11.2023,63000.0,63500.0,63000.0,63958.05,63847.44519803318,63771.18571428571,63484.149999999994,64412.9975,40.48312849756411,-412.17358683671773,-91.87128236189422,19.306660047957035,13.793103448275861,Buy
13.11.2023,63500.0,63500.0,63200.0,63933.05,63814.355179172875,63727.561904761904,63109.149999999994,64373.06999999999,45.61527650137251,-387.6383991360126,-59.47946973384813,19.082654434432687,31.03448275862069,Buy
10.11.2023,64000.0,64000.0,64000.0,63933.05,63832.03563829926,63733.938095238096,62809.149999999994,64335.6425,50.23647766434224,-324.1121022293519,8.226367990855504,18.153970177447317,48.275862068965516,Buy
09.11.2023,64000.0,64000.0,63000.0,63940.55,63848.03224417552,63740.31428571429,62801.649999999994,64301.465000000004,50.23647766434224,-270.6472017785127,-27.673011952575663,18.348777944945454,48.275862068965516,Buy
08.11.2023,63121.0,63121.0,63121.0,63901.6,63778.791078063565,63662.26190476191,62864.799999999996,64268.090000000004,42.81832363099064,-295.79410653321975,-80.08926488984939,18.529670871908014,17.96551724137931,Buy
07.11.2023,64000.0,64000.0,64000.0,63906.6,63799.85859443846,63671.63333333333,62959.799999999996,64237.715000000004,50.66392042800248,-242.00556630930805,12.449331065045506,17.5025444889345,48.275862068965516,Buy
06.11.2023,64000.0,64000.0,64000.0,63916.6,63818.91968068241,63680.52857142857,63049.799999999996,64210.83999999999,50.66392042800248,-197.1056494238146,11.348162784194415,16.548784276173382,100.0,Buy
03.11.2023,64000.0,64000.0,64000.0,63891.6,63836.165425379324,63688.47142857143,63174.799999999996,64183.965000000004,50.66392042800248,-159.68143363689887,12.825949921361175,15.663149792895199,100.0,Buy
02.11.2023,64000.0,64000.0,64000.0,63841.6,63851.768718200336,63698.79523809524,63422.799999999996,64153.027500000004,50.66392042800248,-128.54073541483376,19.91321480554334,14.840774915565458,100.0,Sell
01.11.2023,64000.0,64000.0,64000.0,63791.6,63865.88598313363,63713.880952380954,63732.6,64118.340000000004,50.66392042800248,-102.67790079166298,26.955709561930643,14.077141100902127,100.0,Sell
31.10.2023,64500.0,64500.0,64000.0,63816.6,63926.27779426376,63781.34761904762,64007.6,64087.3975,55.674907667700005,-41.358837758794834,69.3622376228588,13.53677135820595,100.0,Sell
30.10.2023,64000.0,64111.0,64000.0,63741.6,63933.29895671483,63798.81428571429,64182.6,64051.45249999999,50.18554426253933,-32.73155090674118,48.40095489307438,13.034999454273787,73.6842105263158,Sell
27.10.2023,64200.0,65000.0,64020.0,63676.6,63958.69905607532,63842.47142857143,64287.6,64007.25749999999,52.21508588225364,-9.644855499485857,129.1157780622535,13.732995294045654,66.66666666666667,Sell
26.10.2023,65000.0,65000.0,65000.0,63726.6,64057.87057454434,63968.509523809524,64437.6,63967.3125,59.349427669054,72.37058797342615,188.28618968386053,14.381134288119531,100.0,Sell
25.10.2023,65000.0,65000.0,65000.0,63826.6,64147.597186492494,64089.78571428572,64713.4,63937.36749999999,59.349427669054,135.80296576019464,166.2497703537265,14.982977639759557,100.0,Sell
24.10.2023,67000.0,67000.0,67000.0,64001.6,64419.25459730274,64392.014285714286,65138.4,63919.9225,71.6302606036441,343.4972450431669,340.44061367689574,17.35448648994258,100.0,Sell
20.10.2023,68949.0,68949.0,68949.0,64274.05,64850.65892136914,64863.195238095235,65855.75,63919.8,78.45963287172358,657.781968184594,342.838992712248,20.505983608153535,100.0,Sell
19.10.2023,67999.0,67999.0,67999.0,64499.0,65150.50092885779,65217.95238095238,66430.6,63934.65,69.65746665126596,820.7368712932875,203.38459459198577,22.06363885470602,83.6993822923816,Sell
18.10.2023,66930.0,68000.0,66930.0,64695.0,65319.977030871334,65449.47619047619,66820.6,63964.25,61.3208430393556,853.7786116628704,132.31304703895188,22.231994358572297,59.20387957163063,Sell
17.10.2023,68999.0,68999.0,68999.0,65009.9,65670.36017078835,65859.38095238095,67505.5,64014.092500000006,69.04314557783509,1034.9847773465808,175.25824257466604,22.994685556639272,100.0,Sell
16.10.2023,68999.0,68999.0,68999.0,65309.85,65987.37348785612,66239.29523809523,68105.35,64081.68250000001,69.04314557783509,1165.1607216589182,141.5619731749312,23.702898811987176,100.0,Sell
13.10.2023,68999.0,68999.0,68999.0,65584.8,66274.19506044126,66590.64285714286,68830.2,64164.27,69.04314557783509,1253.8722367565351,118.97580681983095,24.3605254062388,100.0,Sell
12.10.2023,68999.0,68999.0,68999.0,65834.75,66533.70029278018,66915.80476190476,69540.04999999999,64259.354999999996,69.04314557783509,1309.0864182517253,102.67652080462474,24.971178672329593,100.0,Sell
10.10.2023,68999.0,69449.0,68998.0,66084.7,66768.49074108683,67217.1619047619,70089.90000000001,64366.5625,69.04314557783509,1337.4270286168903,94.74334879713292,25.84355209010867,91.74160396403009,Sell
09.10.2023,69499.0,69499.0,69499.0,66403.6,67028.53924193571,67542.33333333333,70670.79999999999,64491.6625,71.06533224547124,1384.2759167535114,94.85347192146637,26.687562540446503,100.0,Sell
06.10.2023,69157.0,69157.0,69157.0,66661.45,67231.24979032278,67804.56190476191,70844.34999999999,64629.40499999999,67.80281419724034,1377.9236106867174,76.69621105697699,26.952179077215536,93.75798503376528,Sell
05.10.2023,67258.0,67258.0,66000.0,66824.35,67233.79742933965,67861.37619047619,70343.25,64774.7925,53.198581968217994,1205.7567200567573,0.20508453170881594,26.061803038199105,50.188930873527454,Sell
04.10.2023,65300.0,65300.0,65300.0,66889.35,67049.62624559301,67716.2,69738.44999999998,64924.68000000001,42.930880897820934,900.9335810155317,-55.579667350011455,25.69890264911311,6.668148477439431,Sell
03.10.2023,65250.0,65250.0,65200.0,66951.85,66878.23326982225,67560.07142857143,69339.94999999998,65080.19249999999,42.70421514614071,647.8563799887779,-62.24799833849869,25.42710799728793,1.1630611770179111,Buy
02.10.2023,65250.0,65250.0,65000.0,67014.35,66723.16343460108,67397.99047619048,68527.65,65241.33,42.70421514614071,442.1935429451405,-69.08923499970469,25.310134537789732,5.556790397866193,Buy
29.9.2023,65250.0,65250.0,65250.0,67051.85,66582.86215511526,67229.95714285714,67740.35,65403.092500000006,42.70421514614071,276.02244790588156,-69.4722996421125,25.20151632539855,5.556790397866193,Buy
28.9.2023,65300.0,65300.0,65300.0,67116.85,66460.68480700903,67063.11428571428,66935.54999999999,65571.85500000001,43.07956681547905,146.6744680556876,-72.61114423905089,25.038868569387834,6.668148477439431,Buy
27.9.2023,64000.0,65300.0,64000.0,67106.85,66226.33387300817,66766.27142857143,65945.75,65743.36750000001,36.40225057688338,-60.04174941162637,-107.20244015648827,25.788759239090293,0.0,Buy
26.9.2023,65300.0,65300.0,65300.0,67121.85,66138.11159938836,66594.19047619047,65190.94999999998,65913.12999999999,45.4996020548815,-117.61095968475274,-73.98099826040419,26.48508628952829,23.64066193853428,Buy
25.9.2023,65300.0,65300.0,65299.0,67136.85,66058.29144706565,66420.68095238095,64336.149999999994,66078.6425,45.4996020548815,-161.37474597070832,-75.27504616454527,27.132347804171417,23.64066193853428,Buy
22.9.2023,65300.0,65300.0,65300.0,67051.85,65986.07321401179,66245.74285714286,63649.75,66231.155,45.4996020548815,-193.8235842748545,-68.29094480985374,27.733376353482893,23.64066193853428,Buy
21.9.2023,65300.0,65300.0,65300.0,66869.4,65920.73290791543,66078.9,63440.600000000006,66360.9225,45.4996020548815,-217.0376475128578,-62.1029243511093,28.291474292129262,23.64066193853428,Buy
20.9.2023,65300.0,65300.0,65299.0,66734.45,65861.61548811395,65929.43333333333,63575.55,66472.69499999999,45.4996020548815,-232.7519403914921,-56.665232941426865,28.81054726678256,23.64066193853428,Buy
19.9.2023,65000.0,65000.0,65000.0,66637.95,65779.55687019833,65764.24761904762,63622.05,66569.8425,43.42326880287925,-266.3428884828172,-62.48048793488126,29.547730661594894,19.391118867558657,Buy
18.9.2023,64500.0,64500.0,64500.0,66413.0,65657.69431113183,65560.63333333333,63697.0,66639.9975,40.135847733528344,-329.51137615000334,-76.36824867955208,30.62693555910781,15.346838551258442,Buy
15.9.2023,64500.0,64500.0,64500.0,66188.05,65547.43771007165,65378.44285714286,63771.95,66683.9075,40.13584773352835,-375.2472411183262,-72.76732698827907,31.62905439251266,38.46153846153846,Buy
14.9.2023,64500.0,64500.0,64500.0,65963.1,65447.68173768388,65217.67619047619,63836.899999999994,66702.82250000001,40.13584773352835,-406.8038619212166,-70.7764898963996,32.559593309245734,38.46153846153846,Buy
13.9.2023,65300.0,65301.0,65300.0,65778.15,65433.61681028541,65154.52380952381,64281.850000000006,66699.99250000001,48.00248999875528,-363.0741048645359,-27.839355756077698,31.83541222422921,99.92313604919293,Buy
12.9.2023,65001.0,65002.0,65000.0,65578.25,65392.41520930585,65080.509523809524,64421.95,66674.67,45.59109438688375,-348.5271544085772,-43.53828344466037,31.486458659576083,76.94081475787856,Buy
11.9.2023,65000.0,65000.0,65000.0,65353.3,65355.0423322291,65025.438095238096,64586.899999999994,66622.155,45.58284693782714,-333.23792365923146,-43.916332664278265,31.16243034954104,76.86395080707149,Sell
07.9.2023,65000.0,65000.0,65000.0,65145.45,65321.22877677871,64991.79047619048,64734.75,66546.35500000001,45.58284693782714,-317.4615984435368,-29.451249626118948,30.861546918794215,76.86395080707149,Sell
06.9.2023,65000.0,65000.0,65000.0,65032.55,65290.635559942646,64977.938095238096,64787.649999999994,66456.765,45.58284693782714,-301.48343369114446,-13.07571690541289,30.58215516167216,62.421972534332085,Sell
05.9.2023,66000.0,66000.0,66000.0,65067.55,65358.19407804334,65070.07619047619,64892.649999999994,66365.675,55.61190567211118,-205.75714012512617,216.23536078579593,28.441627836309276,100.0,Sell
04.9.2023,66000.0,66000.0,66000.0,65105.05,65419.31845156302,65158.880952380954,65055.149999999994,66273.335,55.61190567211118,-128.41309656058002,184.62487989283423,26.453995319900887,100.0,Sell
01.9.2023,66000.0,66500.0,66000.0,65142.55,65474.621456176064,65244.114285714284,65317.649999999994,66179.745,55.61190567211117,-66.35251431985671,183.1592264372263,25.292207799218534,75.0,Sell
31.8.2023,66000.0,66000.0,66000.0,65180.05,65524.65750796882,65325.776190476194,65580.15,66086.155,55.61190567211117,-16.97339701650344,133.1266132452517,24.213405101442067,75.0,Sell
30.8.2023,66000.0,66000.0,66000.0,65215.05,65569.9282214956,65403.86666666667,65845.15,65991.065,55.61190567211117,21.907374625909142,117.8447762281234,23.21165973922106,75.0,Sell
29.8.2023,65000.0,65000.0,64000.0,65265.05,65515.64934325793,65383.385714285716,65735.15,65898.975,43.893937471069734,-27.652218812378123,-94.95302236634218,23.57391566713097,40.0,Sell
25.8.2023,63999.0,63999.0,63999.0,65200.0,65371.20654866193,65262.80952380953,65599.8,65802.8825,35.76915138783286,-146.01768696132058,-167.39534720516522,23.911259057231963,0.0,Sell
24.8.2023,63999.0,64000.0,63999.0,65134.95,65240.52021069413,65148.42857142857,65464.65000000001,65702.7875,35.76915138783286,-237.09014563116216,-143.78001262682682,24.22265182196464,0.0,Sell
23.8.2023,63998.0,63998.0,63998.0,65069.85,65122.184952532785,65040.14761904762,65329.35,65603.6875,35.761482044280456,-305.82110161885794,-127.19256282689163,24.51291869079549,0.0,Sell
22.8.2023,63500.0,63500.0,63500.0,64979.85,64967.69114752966,64890.63809523809,65119.35,65509.21,32.073339001337146,-395.9114961776577,-160.57937486586889,25.318441330624466,0.0,Buy
21.8.2023,63510.0,63510.0,63510.0,64890.35,64828.8634191935,64750.65238095238,64710.85,65417.005000000005,32.224493251057524,-461.1856059182901,-135.2016495576794,26.044529031588038,0.3333333333333333,Buy
18.8.2023,63510.0,63510.0,63000.0,64815.85,64703.257379270304,64619.19047619047,64287.35,65325.9,32.224493251057524,-507.0706137672969,-130.0835840855903,27.227132216308128,14.571428571428571,Buy
17.8.2023,63510.0,63510.0,63510.0,64766.35,64589.6138193398,64494.82380952381,63838.85,65243.567500000005,32.224493251057524,-537.2418237485108,-103.65213755618291,28.325263744976787,14.571428571428571,Buy
16.8.2023,63510.0,63511.0,63510.0,64716.85,64486.79345559315,64375.171428571426,63390.35,65170.00750000001,32.224493251057524,-554.7578221811054,-93.67241424559718,29.342402662103524,14.571428571428571,Buy
15.8.2023,63515.0,63516.0,63515.0,64667.6,64394.24169791761,64260.70952380952,62942.6,65105.2325,32.32577055980239,-561.760295913984,-84.3407052531892,30.273155014877684,14.714285714285714,Buy
14.8.2023,63999.0,63999.0,63999.0,64602.55,64356.599631449266,64197.03333333333,62807.45,65046.4525,41.44691260383564,-522.2350511643672,-43.57717539299499,29.88617038254626,28.542857142857144,Buy
11.8.2023,63999.0,64000.0,63999.0,64552.45,64322.542523692195,64139.55238095238,62857.55,64995.1625,41.44691260383564,-485.31658247262385,-39.67592018952116,29.524381580220417,33.3,Buy
10.8.2023,65000.0,65000.0,65000.0,64552.45,64387.06228334056,64182.17619047619,63057.75,64955.119999999995,55.75167920657518,-371.009331133253,34.3473310512374,27.67547591119871,66.66666666666667,Buy
09.8.2023,64000.0,64000.0,64000.0,64502.45,64350.19920873669,64129.561904761904,63108.15000000001,64922.97000000001,44.148065533546756,-356.99642103962833,-36.18615486248748,26.89809736868175,50.0,Buy
08.8.2023,64000.0,64000.0,64000.0,64452.45,64316.846903142716,64081.70952380952,63258.15000000001,64893.965000000004,44.148065533546756,-341.94931004274986,-33.068127984192756,26.176245864916,50.0,Buy
07.8.2023,64000.0,64000.0,64000.0,64352.45,64286.67100760531,64038.619047619046,63456.15000000001,64858.21,44.148065533546756,-326.2634047313186,-28.620310885835718,25.505955182847803,50.0,Buy
04.8.2023,65000.0,65000.0,65000.0,64302.45,64354.607102119095,64100.29047619048,63804.15000000001,64818.079999999994,55.671299055332824,-230.48369652742258,66.89078568073019,24.13291601243046,100.0,Sell
03.8.2023,65000.0,65000.0,65000.0,64252.45,64416.07309239347,64166.723809523806,64152.15000000001,64773.575,55.67129905533283,-152.81601976907405,81.72860792164069,22.857951068471497,100.0,Sell
01.8.2023,65000.0,65000.0,65000.0,64202.45,64471.68517883219,64237.91904761905,64500.15000000001,64724.69500000001,55.67129905533283,-90.2237827673016,97.88965771640417,21.674055049081034,100.0,Sell
31.7.2023,65000.0,65000.0,65000.0,64152.45,64522.00087608626,64313.87619047619,64847.15000000001,64671.565,55.67129905533283,-40.15608958622761,118.66573291541215,20.574723031075603,100.0,Sell
28.7.2023,65000.0,65000.0,65000.0,64152.45,64567.52460217328,64394.59523809524,65047.350000000006,64615.935,55.67129905533283,-0.471645189812989,111.1111111111108,19.55391472864199,100.0,Sell
27.7.2023,65000.0,65000.0,65000.0,64202.5,64608.71273529964,64475.31428571429,65197.5,64566.06,55.67129905533283,30.625530849429197,95.2380952380951,18.606021304953632,100.0,Sell
26.7.2023,65000.0,65101.0,65000.0,64252.55,64645.978189080626,64551.26666666667,65147.45,64521.94,55.67129905533283,54.64040631208627,86.57012156039633,17.92792406167783,93.63177805800757,Sell
25.7.2023,65100.0,65100.0,65100.0,64307.65,64689.21836154914,64631.97619047619,65312.35,64483.829999999994,57.156264198326575,80.81000496446359,82.9081753959129,17.298262335778873,99.90925589836661,Sell
24.7.2023,65100.0,65100.0,65100.0,64387.65,64728.340422353984,64707.438095238096,65452.35,64454.22000000001,57.15626419832657,100.39234003439924,74.61845097581383,16.713576447444122,99.90925589836661,Sell
21.7.2023,65100.0,65100.0,65100.0,64467.15,64763.73657260599,64775.280952380956,65592.85,64433.06,57.15626419832657,114.59055309449468,68.01411784304975,16.17065383684757,99.90917347865577,Sell
20.7.2023,65100.0,65100.0,65100.0,64546.65,64795.76166092922,64835.55238095238,65533.35,64419.6,57.156264198326575,124.40863394676853,62.82936200586163,15.666511412722201,99.90917347865577,Sell
19.7.2023,65100.0,65100.0,65100.0,64626.15,64824.73674084073,64888.252380952385,65473.85,64412.590000000004,57.156264198326575,130.683100324517,58.598715573745,15.198379161748644,99.90917347865577,Sell
18.7.2023,65000.0,65000.0,65000.0,64700.65,64841.42847980828,64923.857142857145,65399.35,64411.77999999999,54.51117561982921,126.13251870793465,42.21270399576261,14.416471107441007,90.82652134423252,Sell
17.7.2023,65000.0,65000.0,65000.0,64774.9,64856.53052935035,64952.36666666667,65325.1,64417.145000000004,54.51117561982921,121.12984059000155,38.338767805045684,13.690413628441059,0.0,Sell
14.7.2023,65000.0,65000.0,65000.0,64824.95,64870.19428845984,64973.804761904765,65275.05,64428.265,54.51117561982921,115.82996638831537,34.94325626398419,13.016217397941107,0.0,Sell
13.7.2023,65000.0,65500.0,65000.0,64875.0,64882.55673717795,64990.47619047619,65225.0,64444.3925,54.51117561982921,110.3576436788644,70.72057651142761,13.87876655898303,0.0,Sell
12.7.2023,65000.0,65000.0,65000.0,64875.0,64893.74180982767,65002.380952380954,65225.0,64460.520000000004,54.51117561982921,104.81257439165347,28.871605263764305,14.679705065664816,0.0,Sell
11.7.2023,65997.0,65997.0,65997.0,64974.85,64998.81401841551,65109.23809523809,65304.549999999996,64484.13999999999,72.73401763034143,178.8064651279783,342.56188090885513,17.214897215142678,100.0,Sell
10.7.2023,65997.0,65997.0,65997.0,65074.7,65093.87934999499,65206.58571428571,65384.100000000006,64515.2525,72.73401763034143,234.74120613076957,306.7117177694096,19.569004211086412,100.0,Sell
07.7.2023,65997.0,65997.0,65997.0,65174.55,65179.89084047166,65294.42380952381,65463.649999999994,64556.3575,72.73401763034143,275.8896077012614,222.22222222222092,21.754960707319874,100.0,Sell
06.7.2023,65997.0,65997.0,65997.0,65224.4,65257.71076042674,65372.752380952385,65593.20000000001,64602.455,72.73401763034143,304.9843427470769,166.6666666666663,23.78477745382238,100.0,Sell
05.7.2023,66000.0,66000.0,65998.0,65274.4,65328.40497371943,65446.619047619046,65723.20000000001,64653.552500000005,72.77815371501285,324.5430742758763,133.68236531494665,25.674423727597723,100.0,Sell
04.7.2023,66000.0,66000.0,65949.0,65324.4,65392.366404793764,65515.723809523806,65873.20000000001,64709.65,72.77815371501285,336.16837021124957,109.08622649220904,27.179587629145455,100.0,Sell
03.7.2023,66000.0,66000.0,66000.0,65374.4,65450.23627100388,65580.06666666667,66023.20000000001,64770.7475,72.77815371501285,341.44552947444754,95.8973720780697,28.57723982343978,100.0,Sell
30.6.2023,66000.0,66000.0,65850.0,65424.4,65502.59472138446,65639.64761904762,66173.20000000001,64834.344999999994,72.77815371501285,341.68893881769327,77.36418161128512,29.07580406556186,100.0,Sell
29.6.2023,63600.0,63600.0,63600.0,65354.4,65321.39522410975,65465.89523809524,65963.20000000001,64891.94,26.543812417302675,146.53276164995623,-233.30816143577132,29.803218986885707,0.0,Buy
28.6.2023,66000.0,66000.0,66000.0,65404.4,65386.02425038501,65527.380952380954,66113.20000000001,64949.532499999994,56.38369847839982,183.41572527465905,75.20108475957382,28.729692257975653,100.0,Buy
27.6.2023,66000.0,66000.0,65000.0,65449.4,65444.49813130072,65584.10476190476,66068.80000000002,65006.62000000001,56.38369847839982,210.2224264020042,29.299553223933263,26.83797601755028,100.0,Buy
26.6.2023,65000.0,65000.0,64000.0,65444.4,65402.16497593875,65541.30476190476,65874.4,65059.4575,47.131620700062,149.05705063109053,-92.05491231841752,26.04289135791634,58.333333333333336,Buy
23.6.2023,63000.0,63000.0,63000.0,65339.4,65173.38735918268,65308.50476190476,65379.99999999999,65103.06999999999,34.82389646201065,-60.107355464417196,-237.87516190182052,26.082170553366048,0.0,Buy
22.6.2023,63001.0,63002.0,63000.0,65234.45,64966.4933249748,65085.8,64885.75,65137.46000000001,34.8330596669869,-223.21784621771803,-195.3201352288999,26.116129595837545,0.03333333333333333,Buy
21.6.2023,63050.0,63050.0,63050.0,65131.95,64783.97015116767,64877.75714285715,64398.25,65162.75,35.312966580535715,-344.5583407256563,-158.92449235714213,26.083154651226415,1.6666666666666667,Buy
20.6.2023,63050.0,63050.0,63050.0,65034.45,64618.830136770746,64679.47619047619,63905.75,65179.44,35.312966580535715,-435.69908895010303,-134.6189139092294,26.052535059801794,1.6666666666666667,Buy
19.6.2023,65000.0,65000.0,65000.0,65034.45,64655.132028506865,64676.195238095235,63705.75,65192.417499999996,51.722108412329185,-346.5848707333571,-0.41751546183626714,24.617529112710248,66.66666666666667,Buy
16.6.2023,67000.0,67000.0,67000.0,65134.45,64878.45278769669,64863.39047619048,63805.75,65207.892499999994,62.288420321639144,-113.27219411644182,120.46925720731328,24.745824306200465,100.0,Buy
15.6.2023,67000.0,67000.0,67000.0,65234.45,65080.50490315415,65041.061904761904,64385.75,65225.865000000005,62.288420321639144,70.81348920582968,107.1419371075163,24.864955557298522,100.0,Buy
14.6.2023,67000.0,67000.0,67000.0,65334.45,65263.31395999661,65209.20952380952,64485.75,65248.8375,62.288420321639144,214.23317284343648,96.85893168399258,24.975577433318147,100.0,Buy
13.6.2023,67000.0,67000.0,66999.0,65384.6,65428.71263047312,65367.833333333336,64635.6,65269.325,62.288420321639144,324.15761816814484,91.25412267762808,25.077071582195526,100.0,Sell
12.6.2023,67000.0,67000.0,67000.0,65434.75,65578.35904661854,65521.68095238095,64985.45,65287.32749999999,62.288420321639144,406.58665518130874,86.00017626103777,25.171316149010234,100.0,Sell
09.6.2023,67000.0,67000.0,67000.0,65484.9,65713.75342313106,65670.75238095238,65735.30000000002,65302.84500000001,62.288420321639144,466.53434338043735,81.01770277266559,25.258828961052465,100.0,Sell
08.6.2023,67000.0,67000.0,67000.0,65535.05,65836.25309711858,65815.04761904762,66484.95,65318.3775,62.28842032163914,508.1852746660297,76.30184879614187,25.34009085794882,100.0,Sell
07.6.2023,67000.0,67500.0,67000.0,65585.05,65947.08613548824,65954.56666666667,67224.95,65333.909999999996,62.28842032163914,535.0264855061105,79.33424248359901,25.85550279238015,88.88888888888889,Sell
06.6.2023,67500.0,67500.0,67500.0,65660.05,66094.98269401318,66136.94285714286,68039.95,65350.69249999999,65.68524768665989,589.8447961585334,88.5470750099182,26.334099588637816,100.0,Sell
05.6.2023,67500.0,67999.0,67500.0,65735.05,66228.79386601193,66312.1761904762,68464.95,65368.725,65.68524768665989,626.071737026854,88.50264912782171,27.2039161225356,90.01800360072015,Sell
01.6.2023,68000.0,68000.0,68000.0,65835.05,66397.48016448699,66527.88571428572,68564.95,65389.25750000001,68.93086478592895,687.2059871427482,93.75899813913094,28.012439765614477,100.0,Sell
31.5.2023,68000.0,68000.0,68000.0,66055.05,66550.10110120251,66734.07142857143,68544.95,65424.29,68.93086478592895,727.2717843886203,87.93206237925097,28.76321171990201,100.0,Sell
30.5.2023,68000.0,68000.0,68000.0,66155.05,66688.1867106118,66919.30476190476,68644.95,65461.822499999995,68.93086478592895,750.3743687335227,79.89511258552395,29.460357106026144,100.0,Sell
29.5.2023,68001.0,68001.0,68001.0,66255.1,66813.21654769639,67095.10952380953,68745.1,65502.1075,68.93820361932356,760.0031813258684,73.84224112287289,30.108751165301637,100.0,Sell
26.5.2023,69100.0,69100.0,69100.0,66460.1,67031.00544791577,67366.05238095239,68960.1,65552.8925,75.72469051162761,846.5556335697183,114.4331995579596,31.675438939957868,100.0,Sell
25.5.2023,69100.0,69100.0,68500.0,66765.1,67228.05254811427,67617.47142857143,69075.1,65624.1775,75.72469051162761,904.7200262557017,109.26010537898271,31.88776391908721,100.0,Sell
23.5.2023,69500.0,69500.0,69500.0,67090.05,67444.4284959129,67877.93809523809,69250.15000000001,65716.95749999999,77.77444880443306,971.8890515651728,147.43595642327293,32.439235546546904,100.0,Sell
22.5.2023,69500.0,69500.0,69500.0,67412.55,67640.19721058785,68107.45714285714,69427.65000000001,65830.9875,77.77444880443306,1013.4386975875095,139.06181255186323,32.95131634347376,100.0,Sell
19.5.2023,69500.0,69500.0,69000.0,67735.05,67817.32128576995,68306.26190476191,69505.15000000001,65966.0175,77.77444880443306,1034.4426801111404,122.124246177057,32.43830894267012,100.0,Sell
18.5.2023,69100.0,69200.0,69100.0,67940.05,67939.48116331566,68436.25714285714,69620.15000000001,66111.29750000002,70.35476429478823,1007.2014392950514,98.61102503184934,31.961944927638164,84.0,Buy
17.5.2023,68050.0,68050.0,68050.0,67992.55,67950.00676680941,68446.72857142857,69577.65000000001,66254.2025,55.41104153430667,890.6198239628429,5.042408718732913,29.77253131565963,42.0,Buy
16.5.2023,68050.0,68050.0,68050.0,68045.05,67959.52993187518,68452.2,69535.15000000001,66394.7325,55.41104153430667,789.1314378881652,0.46100143696804974,27.739504390250996,27.5,Buy
15.5.2023,67200.0,67200.0,67200.0,68055.05,67887.19374788707,68371.71904761904,69365.15000000001,66530.7625,46.19827540807383,632.818526429226,-79.87189607202956,26.78179601773279,0.0,Buy
12.5.2023,67200.0,67200.0,67200.0,68065.05,67821.74672427878,68290.28571428571,69194.95,66664.785,46.19827540807384,503.13953851776023,-81.4939031092092,25.892495386108745,0.0,Buy
11.5.2023,67002.0,67002.0,67002.0,68065.15,67743.67560768081,68189.04285714286,68775.25,66796.30500000001,44.21239362426694,380.01053615387355,-100.1651937414812,25.311731586608904,0.0,Buy
10.5.2023,67002.0,67004.0,67000.0,68065.25,67673.03983552073,68087.79047619048,68355.54999999999,66925.3225,44.21239362426694,279.2113401576207,-100.18311049132,24.772450915644765,0.08,Buy
09.5.2023,68870.0,68870.0,68870.0,68158.75,67787.0360416616,68164.43333333333,68136.04999999999,67056.50749999999,62.05793257063781,346.0699605006521,65.62529794033023,24.29489665013759,74.8,Buy
08.5.2023,68870.0,68870.0,68870.0,68252.25,67890.17546626527,68232.17142857143,67916.54999999999,67189.86750000001,62.05793257063781,394.50825324232574,57.529035577771886,23.85145340359522,74.8,Buy
05.5.2023,71000.0,71000.0,71000.0,68427.25,68186.34923138286,68493.8619047619,68041.54999999999,67328.22750000001,73.33699741677663,597.8771919631108,203.961327080132,25.120317792425073,100.0,Buy
04.5.2023,71000.0,71000.0,71000.0,68602.25,68454.31597125116,68738.88571428572,68246.54999999999,67471.5875,73.33699741677663,750.3984152689809,172.13557912247913,26.29854901062422,100.0,Buy
03.5.2023,71000.0,71000.0,71000.0,68752.25,68696.76206922723,68967.24285714286,68686.54999999999,67617.4475,73.33699741677663,861.3435513032746,149.2411073489152,27.392620856094858,100.0,Buy
02.5.2023,71000.0,71000.0,71000.0,68902.25,68916.11806263417,69181.31428571428,69126.54999999999,67759.8075,73.33699741677663,938.4504977540346,132.8464095918745,28.40854471260331,100.0,Sell
28.4.2023,71000.0,71000.0,71000.0,69052.25,69114.58300904995,69381.1,69736.54999999999,67904.66750000001,73.33699741677663,988.1673304689903,116.81657127282672,29.351902579361155,100.0,Sell
27.4.2023,70500.0,70500.0,70500.0,69177.2,69246.52748437853,69518.98095238095,70271.59999999999,68050.77249999999,66.60459437496044,975.9720588870405,78.41025280789304,29.327817644521478,87.5,Sell
26.4.2023,68500.0,68500.0,68500.0,69147.2,69175.42962872343,69454.4857142857,70601.2,68185.1275,47.729829812672996,795.7510106802365,-36.0469547983836,27.713957350685124,37.5,Sell
25.4.2023,68000.0,68000.0,67998.0,69092.2,69063.48394979739,69345.22857142857,70855.8,68301.48250000001,44.34637650698065,605.5977562654443,-59.786248337232514,26.6795731631867,25.0,Buy
24.4.2023,67001.0,67001.0,67001.0,68967.25,68867.05690695954,69146.06666666667,70606.95000000001,68395.3425,38.47747251189894,370.0235796582274,-101.88703280761962,26.52293468906787,0.025,Buy
20.4.2023,67000.0,67500.0,67000.0,68842.25,68689.24196343958,68958.70952380952,70357.95000000001,68466.8275,38.47198389848309,181.1603520638746,-84.27483345266926,25.796466549449885,0.0,Buy
19.4.2023,67500.0,67500.0,67500.0,68742.25,68575.98082406438,68830.87619047619,69757.95000000001,68517.1875,42.86077715686569,71.01212130405474,-61.36790316461276,25.12188899123318,12.5,Buy
18.4.2023,68000.0,68000.0,68000.0,68687.25,68521.12550748682,68760.18571428572,69212.95000000001,68554.5475,46.93691960121593,23.790434853435727,-33.90710462429449,23.908958295006936,25.0,Buy
13.4.2023,68000.0,68000.0,68000.0,68684.75,68471.4945067738,68694.73333333334,68615.45000000001,68589.1575,46.93691960121593,-13.47772900221753,-33.735895713465275,22.782665505653995,25.0,Buy
12.4.2023,68500.0,68500.0,68500.0,68707.25,68474.20931565248,68677.1380952381,68092.95000000001,68622.2675,50.99158522459714,-2.636800638400018,-10.63215839474399,21.158245434627627,37.5,Buy
11.4.2023,68000.0,68000.0,68000.0,68747.25,68429.04652368558,68609.78095238096,67452.95000000001,68656.8775,47.114528791932564,-33.99918667085876,-38.1718148473735,20.182382047721028,25.0,Buy
10.4.2023,68500.0,68500.0,68000.0,68812.25,68435.80399762029,68586.23333333334,66987.95000000001,68694.2375,51.117152714371706,-18.297361634511617,-25.054848082148986,18.781563283622084,37.5,Buy
07.4.2023,67000.0,67100.0,67000.0,68812.15,68299.06075975168,68413.6380952381,66688.05000000002,68731.5875,41.073790419779066,-125.44496467857971,-93.24363956301852,18.398810992016497,0.0,Buy
06.4.2023,67001.0,67200.0,67000.0,68812.1,68175.43592548961,68241.14761904762,66488.29999999999,68768.93000000001,41.08210141719011,-207.8831725942582,-91.83826976496891,17.92378849164528,0.025,Buy
05.4.2023,67000.0,67000.0,67000.0,68718.6,68063.48964687155,68068.56666666667,66581.6,68796.9225,41.07586240240665,-270.18224520517106,-86.35845120645672,17.482696169872007,0.0,Buy
04.4.2023,68000.0,68000.0,68000.0,68675.1,68057.44301383616,68000.12857142858,66825.1,68818.065,49.35826970081996,-236.1409802113776,-33.782586592613825,16.56166133486571,66.66666666666667,Buy
03.4.2023,67000.0,67000.0,67000.0,68475.1,67956.73415537557,67840.59523809524,66925.1,68820.4575,42.86905761120235,-286.55148792039836,-81.27741792584357,16.067122415632287,0.0,Buy
31.3.2023,67000.0,67000.0,67000.0,68275.1,67865.61661676837,67700.10952380953,66925.1,68804.1,42.86905761120235,-322.7813559212518,-78.48318837825109,15.607907704915535,0.0,Buy
30.3.2023,67000.0,67000.0,66501.0,68075.1,67783.1769389809,67578.67142857143,66925.1,68770.24250000001,42.86905761120235,-347.48816012793395,-87.77663945322603,15.652502603475586,24.96248124062031,Buy
29.3.2023,66501.0,67000.0,66501.0,67850.15,67661.06484955415,67428.75714285714,66750.25,68717.6375,39.62246270482993,-402.691631684429,-95.61087520879155,15.693912152138491,0.0,Buy
28.3.2023,66500.0,66500.0,66500.0,67625.15,67550.48724483472,67300.17142857143,66675.25,68646.2825,39.615987719444234,-441.4329084687488,-105.193752448329,15.733378524387836,0.0,Buy
27.3.2023,67500.0,67500.0,67000.0,67475.15,67545.67893580285,67288.25238095238,66625.25,68561.18000000001,48.65250833466182,-386.98310642263095,-16.516762873579278,14.73131032809818,50.0,Sell
24.3.2023,66500.0,66502.0,66500.0,67375.15,67446.09046572639,67195.38095238095,66625.25,68472.57749999998,41.89982787533622,-419.68502098566387,-108.38019641020544,14.115007627102687,0.0,Sell
23.3.2023,66750.0,66750.0,66750.0,67312.65,67379.7961356572,67135.84285714285,66637.55000000002,68383.6,43.992688844461924,-420.5804238941928,-71.81590953836105,13.244198353720822,12.5,Sell
22.3.2023,66500.0,66500.0,66000.0,67287.6,67296.00602749937,67058.44761904761,66562.6,68299.6175,42.34983340775377,-436.43203102886037,-115.10844079718541,13.232109554508087,20.0,Sell
21.3.2023,66500.0,66999.0,66500.0,67262.6,67220.19592964229,66983.43809523809,66287.6,68220.635,42.34983340775377,-443.8777969488583,-68.8636274394328,12.612456053211176,25.0,Buy
20.3.2023,67000.0,67000.0,67000.0,67237.6,67199.22488872397,66958.42857142857,66312.6,68145.4025,46.94542128432717,-404.76689791808894,-26.965867438541718,12.035849542280815,50.0,Buy
17.3.2023,66503.0,66503.0,66503.0,67162.75,67132.91775646455,66888.46666666666,66288.04999999999,68069.1775,43.25443665702884,-409.15845112284296,-82.13356314847002,12.04617331627961,25.15,Buy
16.3.2023,66503.0,66503.0,66503.0,67087.9,67072.92558918221,66825.63333333333,66263.5,67989.33499999999,43.25443665702884,-407.93635233886016,-79.85326298315128,12.05575967784992,25.15,Buy
15.3.2023,66501.0,68000.0,66501.0,66987.95,67018.45648545057,66769.73809523809,66363.45,67903.37,43.23857080864322,-402.48956437602465,-0.10344165151899347,12.075446561841575,25.05,Sell
14.3.2023,68000.0,68000.0,68000.0,66987.95,67111.93682016956,66866.12380952381,66663.45,67815.405,56.204841010102584,-274.05701466866594,177.10688478077796,12.093727239833827,100.0,Sell
13.3.2023,68000.0,68100.0,68000.0,66962.95,67196.5142658677,66962.50952380952,66788.45,67722.94,56.20484101010257,-170.31006530056766,192.8907515293857,12.21494135664671,95.23809523809524,Sell
10.3.2023,68000.0,68001.0,68000.0,67012.95,67273.03671673745,67061.27619047619,67038.45,67632.98000000001,56.20484101010257,-87.08598741616879,152.33348055608118,12.327497322258674,95.23809523809524,Sell
09.3.2023,69000.0,69000.0,69000.0,67112.9,67437.5094103815,67250.51904761905,67388.5,67548.01999999999,63.20764201007464,58.88257488545787,223.28763031335208,13.427613896592607,100.0,Sell
08.3.2023,69000.0,69000.0,69000.0,67212.9,67586.31803796421,67430.24285714286,67788.5,67472.73500000002,63.20764201007464,172.57438210315013,174.73666012176128,14.449150715616975,100.0,Sell
07.3.2023,69000.0,69000.0,69000.0,67262.9,67720.95441530095,67600.44285714286,68238.5,67402.125,63.20764201007464,259.6825002127007,154.87896912558259,15.397720618996745,100.0,Sell
06.3.2023,69000.0,69000.0,69000.0,67362.9,67842.76828051038,67765.88095238095,68538.5,67346.51499999998,63.20764201007464,324.97025656391634,129.01104812759644,16.27853552927796,100.0,Sell
03.3.2023,69000.0,69000.0,69000.0,67462.9,67952.98082522368,67921.79523809523,68937.9,67305.905,63.20764201007464,372.41826787538594,110.2500816667272,17.0964350888248,100.0,Sell
02.3.2023,69000.0,69000.0,69000.0,67562.9,68052.69693710715,68068.18571428572,69337.30000000002,67280.295,63.20764201007464,405.3485528872261,96.66229192866558,17.855913251261153,100.0,Sell
01.3.2023,68000.0,68000.0,67000.0,67637.85,68047.67818119218,68109.81428571428,69562.15,67269.68000000001,50.58906387836298,346.7571972368023,1.943996656516668,17.660936016474725,59.983993597438975,Sell
28.2.2023,67000.0,67000.0,67000.0,67662.85,67947.89930679293,68049.06666666667,69337.15,67271.56499999999,41.637309215278655,217.12856022025517,-48.92570096324978,17.479885727030187,19.967987194877953,Sell
27.2.2023,67000.0,67000.0,67000.0,67637.85,67857.62318233645,67985.93809523809,69162.15,67279.7,41.63730921527866,113.09326272613544,-46.836556419061544,17.3117676011174,19.967987194877953,Sell
24.2.2023,66000.0,66000.0,65500.0,67612.85,67680.7066887806,67829.95238095238,68787.15,67291.585,34.54745974786485,-49.476765370127396,-124.2703318681833,18.605380069935258,14.285714285714286,Sell
23.2.2023,65000.0,66000.0,65000.0,67525.35,67425.4012898491,67581.10952380953,68074.65,67302.22,29.194019749950257,-256.0546874926076,-143.57009082740547,20.17125334096295,0.0,Buy
22.2.2023,66000.0,66000.0,66000.0,67500.35,67289.64878605395,67435.8380952381,67499.65,67312.85750000001,39.320199804889874,-335.213404967566,-97.5999488670864,21.625278521202947,25.0,Buy
21.2.2023,66000.0,66000.0,66000.0,67475.35,67166.82509214405,67292.94761904761,66924.65,67323.495,39.320199804889874,-393.412247377084,-92.51534248979237,22.97544475999723,25.0,Buy
20.2.2023,66500.0,66500.0,66500.0,67450.35,67103.31794051128,67200.05714285714,66449.65,67334.13249999999,43.96704893806851,-394.64026069077954,-58.63611829925819,23.3271241020277,37.5,Buy
17.2.2023,66000.0,66000.0,66000.0,67425.2,66998.24004141496,67061.92857142857,65874.8,67347.25499999999,40.6173149167308,-430.9910943617433,-85.4288109680915,24.10812131313131,25.0,Buy
16.2.2023,66000.0,67000.0,66000.0,67400.05,66903.1695612802,66926.19523809524,65299.95,67362.8625,40.6173149167308,-454.5595128291752,-64.71264874178327,23.301782590001277,25.0,Buy
15.2.2023,66002.0,66002.0,66002.0,67375.1,66817.34388877732,66793.04761904762,64925.29999999999,67382.22,40.638295556526806,-467.6850884053274,-77.81794312774,22.553039489951964,25.05,Buy
14.2.2023,67011.0,67018.0,67000.0,67325.65,66835.78732794139,66758.37142857142,64976.95000000001,67399.10500000001,50.19813054754071,-392.14888592617353,-18.60360694600621,21.30271790858028,50.275,Buy
13.2.2023,68000.0,68000.0,68000.0,67325.65,66946.66472528031,66822.59523809524,65176.95000000001,67417.23999999999,57.43408487981211,-249.60458044048573,38.07748889041413,21.10153820663429,75.0,Buy
10.2.2023,68000.0,68000.0,68000.0,67325.65,67046.9823704917,66886.81904761905,65576.95000000001,67432.875,57.43408487981211,-135.08007237687707,38.079040330053815,20.91472848339873,100.0,Buy
09.2.2023,68001.0,68001.0,68000.0,67275.7,67137.84119234965,66951.1380952381,66227.09999999999,67441.015,57.44133610232141,-43.73374757062993,43.00039847589266,20.742235306651406,100.0,Buy
08.2.2023,68000.0,68000.0,68000.0,67225.7,67219.95155498301,67020.11904761905,66677.09999999999,67441.655,57.43080002845168,28.25250403051905,48.353576652932766,20.58206307110032,99.96667777407531,Buy
07.2.2023,68000.0,68000.0,67999.0,67175.7,67294.24188307987,67093.8619047619,67127.09999999999,67437.295,57.430800028451685,84.33002304531692,54.31921193637616,20.431691564257413,99.96667777407531,Sell
06.2.2023,68000.0,68000.0,68000.0,67125.7,67361.45694183417,67172.36666666667,67477.09999999999,67425.43500000001,57.43080002845168,127.30437528715993,61.02327067068738,20.29206087933186,99.96667777407531,Sell
03.2.2023,68000.0,68000.0,67560.0,67075.7,67422.2705664214,67255.63333333333,67927.09999999999,67406.075,57.43080002845168,159.52297746767,58.63731529572726,19.4009047678233,99.95002498750625,Sell
02.2.2023,67500.0,67500.0,67500.0,67000.7,67429.67336961937,67296.04285714286,68302.09999999999,67377.965,51.124274351799365,143.06150649834308,41.46077697362894,18.472964112346165,74.96251874062969,Sell
01.2.2023,67500.0,68000.0,67500.0,66975.7,67436.37114394133,67343.59523809524,68626.7,67344.8575,51.12427435179938,128.53401207510615,55.32540276737915,18.311762055230954,74.96251874062969,Sell
31.1.2023,68000.0,68000.0,68000.0,67025.7,67490.05008261358,67441.14761904762,68774.50000000001,67313.0,56.64565059441575,155.57333681959426,74.34641163328448,18.162074430766825,99.95002498750625,Sell
30.1.2023,67900.0,67900.0,67900.0,67070.7,67529.09293188849,67524.41428571429,68709.50000000001,67284.64249999999,55.30011606941603,167.00786946190055,60.466936612827524,17.826114354613228,94.95252373813094,Sell
27.1.2023,69999.0,69999.0,69999.0,67270.65,67764.32217647054,67803.3,68909.35,67267.5325,70.91630325707919,341.50492074051,193.94552387259947,19.672157613164206,100.0,Sell
26.1.2023,67100.0,67100.0,67100.0,67375.65,67701.05339775905,67787.04761904762,68624.15,67260.0475,46.66701142149134,243.06808147742413,-23.836621657142434,18.655089010769238,3.334444814938313,Sell
25.1.2023,67100.0,67100.0,67100.0,67430.65,67643.81021702009,67760.79523809523,68389.15,67256.5625,46.66701142149134,163.17519508636906,-30.78539369881576,17.710668165688194,0.0,Sell
24.1.2023,67100.0,67100.0,67100.0,67485.65,67592.01876778007,67729.30476190476,68154.15,67257.0775,46.66701142149134,98.72150694424636,-39.04896332935537,16.833705952398653,0.0,Sell
23.1.2023,67100.0,67100.0,67100.0,67515.65,67545.1598375153,67692.57619047619,67944.15,67260.3425,46.66701142149134,47.09857171101612,-44.06672481650248,16.01938389720122,0.0,Sell
20.1.2023,69000.0,69000.0,69000.0,67665.65,67683.71604346622,67833.94285714286,67994.15,67272.365,59.01993454175435,157.68346779083367,140.74325449737222,16.230731729771616,65.53984132459469,Sell
18.1.2023,69000.0,69000.0,69000.0,67815.65,67809.07642027896,67961.02380952382,68144.15,67293.14499999999,59.01993454175435,242.52709329164645,132.50887348702835,16.426983288586985,65.53984132459469,Buy
17.1.2023,68200.0,68200.0,68200.0,67925.55,67846.30723739525,67997.62857142858,68174.24999999999,67320.6675,53.022819394026136,242.418513917175,36.412282073723404,15.745956864192495,37.94411866160745,Buy
16.1.2023,68200.0,68200.0,68200.0,67985.0,67879.99226240523,68023.76666666666,68154.79999999999,67353.635,53.022819394026136,239.57084045947704,31.23844552123972,15.11357518439761,37.94411866160745,Buy
13.1.2023,68200.0,68200.0,68200.0,67995.0,67910.4691897952,68044.24285714286,68204.79999999999,67387.10250000001,53.022819394026136,234.60960523810354,29.266356838218776,14.526363624588074,37.94411866160745,Buy
12.1.2023,68500.0,68500.0,67900.0,68020.0,67966.61498124327,68092.3380952381,67880.0,67421.81999999999,55.15696468810137,251.9806077827525,39.958433275498145,13.981095747622078,48.29251466022767,Buy
11.1.2023,66600.0,66600.0,66600.0,67949.95,67836.46117350581,67957.1,67850.05,67455.5325,42.10931607729145,111.15184216636408,-161.1195219442643,13.87730393863045,0.0,Buy
10.1.2023,66500.0,66500.0,66500.0,67874.95,67709.17915698145,67819.00952380952,67805.05,67487.995,41.552185687161526,-8.427980948094046,-145.15609115028894,13.873568282752137,0.0,Buy
09.1.2023,66500.0,66500.0,66500.0,67799.95,67594.01923726893,67688.06190476191,67760.05,67519.20749999999,41.552185687161526,-102.01983118365752,-123.798586953655,13.870099459436561,0.0,Buy
05.1.2023,67900.0,67900.0,67900.0,67794.95,67623.16026229094,67697.59047619048,67925.05,67552.67,51.8877017522442,-62.50324853422353,11.008341919775965,13.46945920943365,56.0,Buy
04.1.2023,67900.0,67900.0,67900.0,67789.95,67649.52595159657,67707.59523809524,67710.05,67588.38249999999,51.8877017522442,-30.830675250079366,10.75043764369204,13.097436120145233,56.0,Buy
03.1.2023,67900.0,67900.0,67900.0,67809.95,67673.3806228731,67718.07619047619,67470.05,67628.845,51.8877017522442,-5.664634355096496,8.992359027654578,12.75198610866313,56.0,Buy
29.12.2022,67500.0,67650.0,67000.0,67809.95,67656.86818259947,67688.55714285714,67330.05,67670.5575,48.80778488065953,-17.791928419086616,-39.29286552392679,12.293401759487873,40.0,Buy
28.12.2022,66600.0,66600.0,66600.0,67739.95,67556.21406997096,67573.3238095238,67080.05,67706.26999999999,42.67058388429697,-98.88548441315652,-99.47428928763966,12.273067065745042,4.0,Buy
27.12.2022,66500.0,66500.0,66004.0,67669.95,67455.62225378325,67455.23333333334,66810.05,67736.23250000001,42.03807555441916,-169.27062960038893,-107.37942659814789,12.811238201586589,16.555407209612817,Buy
26.12.2022,66100.0,66101.0,66100.0,67475.0,67326.51537247056,67305.71428571429,66525.0,67746.45,39.514923169672144,-254.3955082559114,-119.38726275584402,13.310968542010881,3.8461538461538463,Buy
23.12.2022,66101.0,67001.0,66100.0,67425.05,67209.79962271146,67174.85714285714,66475.15000000001,67748.92,39.52469561858799,-318.10992306287517,-86.15284964017471,12.625153015600734,3.886217948717949,Buy
22.12.2022,67900.0,67900.0,67500.0,67465.05,67275.53299197704,67220.09047619048,66715.15000000001,67750.63999999998,53.941798418968226,-220.89346830408613,26.87241143308815,12.393896086807981,75.96153846153847,Buy
21.12.2022,67002.0,67002.0,67002.0,67460.15,67249.48223083638,67175.99047619048,66820.45000000001,67749.365,47.81424518189571,-213.84475339842902,-37.22433753357017,11.631755899528617,39.98397435897436,Buy
20.12.2022,67000.0,67000.0,67000.0,67455.15,67225.72201837577,67132.16666666667,66645.45000000001,67746.34,47.8012213432521,-206.04482287805877,-36.7400408331067,10.92185332231119,52.53164556962025,Buy
19.12.2022,67000.0,67000.0,67000.0,67355.15,67204.22468329237,67088.81904761905,66565.45000000001,67730.81499999999,47.8012213432521,-197.5856770529499,-30.757263369357364,10.262658072037864,52.53164556962025,Buy
16.12.2022,68000.0,68000.0,68000.0,67305.15,67280.01280869309,67150.23333333334,66635.45000000001,67705.29000000001,54.92140853324426,-108.93437275062024,69.09756828807826,10.699693116960058,100.0,Buy
15.12.2022,67000.0,67000.0,67000.0,67245.15,67253.34492215089,67121.17142857143,66595.45000000001,67671.26999999999,47.88691813419076,-118.00888507500349,-23.578913464890565,9.95332446139567,49.899799599198396,Sell
14.12.2022,66998.0,66998.0,66998.0,67185.05,67229.02635813653,67097.63333333333,66735.15000000001,67631.27249999999,47.873711177646406,-123.93325928840204,-19.045024610092298,9.258130815695582,49.79959919839679,Sell
13.12.2022,66998.0,66998.0,66990.0,67124.95,67207.02384783782,67079.81904761905,66894.84999999999,67587.76999999999,47.873711177646406,-127.16251818166347,-14.073888429936261,8.6034027245282,49.79959919839679,Sell
12.12.2022,66990.0,66990.0,66990.0,67049.45,67186.35490994851,67066.96666666666,67148.34999999999,67539.2425,47.81253856607169,-128.88159545493545,-7.779981258308956,7.995440925587061,49.39879759519038,Sell
09.12.2022,66750.0,66750.0,66166.0,67056.95,67144.79729947723,67038.44761904761,67270.65000000001,67494.5925,45.91697172677054,-147.90501388322446,-70.40022791527598,8.368481479685874,37.37474949899799,Sell
07.12.2022,66003.0,66003.0,66003.0,67032.1,67036.05469952701,66938.07142857143,66916.1,67452.45,40.53084024881934,-220.7136179067311,-142.20501019625604,8.885638589329043,0.0,Sell
06.12.2022,66003.0,66003.0,66003.0,67007.25,66937.6685376673,66840.06190476191,66741.15,67412.815,40.53084024881934,-275.24214108289743,-133.25650253631534,9.36585590542627,0.0,Buy
05.12.2022,66000.0,66000.0,66000.0,66912.25,66848.36677217517,66744.13333333333,66636.15,67368.68,40.50870817420198,-315.06657216300664,-115.48534456480246,9.815314468684553,0.0,Buy
02.12.2022,66000.0,66000.0,66000.0,66817.25,66767.56993672991,66657.25238095238,66531.15,67320.045,40.50870817420198,-342.6775472580921,-102.42568084850417,10.232668848852958,0.0,Buy
01.12.2022,66000.0,66000.0,66000.0,66722.25,66694.46803799373,66579.41904761904,66226.15,67265.66,40.508708174201985,-360.4049203695322,-92.93002356293526,10.620212201866478,0.0,Buy
30.11.2022,66000.0,66000.0,66000.0,66647.25,66628.32822485147,66510.63333333333,66101.15,67207.525,40.50870817420198,-370.186709327274,-84.73996085039033,10.980073886807602,0.0,Buy
29.11.2022,66000.0,66000.0,66000.0,66617.25,66568.48744153228,66448.99047619048,65931.54999999999,67151.39,40.50870817420196,-373.63185213659017,-76.62639507784652,11.314231165681504,0.0,Buy
28.11.2022,65750.0,65850.0,65750.0,66579.75,66490.53625662444,66366.39523809524,65719.45000000001,67096.87999999999,38.00372476702189,-392.01614519645227,-95.97479389004889,12.023572856613404,0.0,Buy
25.11.2022,65500.0,66000.0,65500.0,66549.75,66396.19947027926,66263.56190476191,65451.45000000001,67050.6175,35.63088837868462,-421.89539309013344,-103.75956767493292,13.056810786425258,0.0,Buy
24.11.2022,66000.0,66000.0,66000.0,66544.7,66358.46618739552,66211.20476190477,65306.500000000015,67006.6,43.26110987122327,-400.61109564967046,-60.54639890495103,14.016246006964836,33.37783711615487,Buy
23.11.2022,66000.0,66000.0,65999.0,66449.7,66324.32655050071,66159.32857142857,65400.90000000001,66955.83249999999,43.26110987122327,-379.3699954253825,-54.63996674141869,14.908771560343865,33.37783711615487,Buy
22.11.2022,65800.0,66000.0,65800.0,66389.6,66274.39068854827,66097.45238095238,65420.399999999994,66902.305,41.00615410435857,-374.3592189485207,-65.05466709510455,16.063359308783696,20.13422818791946,Buy
21.11.2022,66000.0,66000.0,66000.0,66339.6,66248.25824201986,66060.34761904762,65470.399999999994,66846.5275,44.14169730371237,-350.212779042733,-44.51740370297076,17.135476503763538,40.0,Buy
18.11.2022,66000.0,66000.0,66000.0,66289.6,66224.61459992273,66028.00476190477,65520.399999999994,66793.25,44.14169730371237,-327.30359929839324,-40.868552621486884,18.131013899101966,99.40357852882704,Buy
17.11.2022,66200.0,66500.0,66200.0,66199.6,66222.27035231104,66019.47142857143,65650.4,66737.9725,47.38498267817739,-289.67044024744246,17.07346510569896,17.52911882208152,70.0,Sell
16.11.2022,66500.0,66500.0,66500.0,66174.6,66248.72079494808,66048.08095238096,65775.4,66684.445,51.89676041101551,-232.9530599055579,65.20866980074209,16.97021625056254,100.0,Sell
15.11.2022,66500.0,66500.0,66500.0,66149.7,66272.65214781016,66079.07142857143,65900.3,66632.6775,51.89676041101551,-185.86163018007937,78.80995469897519,16.451235291294914,100.0,Sell
14.11.2022,66500.0,66500.0,66500.0,66124.8,66294.3043242092,66112.43333333333,66075.2,66582.67000000001,51.89676041101551,-146.84855412530305,96.03454222385321,15.969324400546403,100.0,Sell
11.11.2022,67100.0,67500.0,67100.0,66130.3,66371.03724571307,66205.30952380953,66389.7,66536.7125,60.3828120536939,-66.74601813792833,267.06849494440894,16.524381042583826,80.0,Sell
10.11.2022,67495.0,67500.0,67495.0,66167.55,66478.08131754992,66335.28095238096,66651.45,66492.24250000001,64.78699149224892,28.282988896462484,257.643560639738,17.039790781618574,99.75,Sell
09.11.2022,67500.0,67500.0,67500.0,66242.4,66575.40690635469,66462.18095238095,66876.6,66452.7575,64.84027397261823,102.81246177076537,197.62905001656907,17.5183855392937,100.0,Sell
08.11.2022,67500.0,67500.0,67500.0,66317.25,66663.46339146377,66581.95238095238,67141.75,66418.2575,64.84027397261823,160.0328469369997,159.66559435270864,17.962794957134886,100.0,Sell
07.11.2022,67500.0,67500.0,67000.0,66392.25,66743.1335446577,66694.59523809524,67366.75,66392.2575,64.84027397261823,203.03989688846923,116.45794486720646,16.871639659113765,100.0,Sell
04.11.2022,68000.0,68000.0,68000.0,66492.25,66862.83511183316,66847.71428571429,67666.75,66376.0075,70.42887600553394,274.3070739514369,165.40845966249452,16.934823455603706,100.0,Sell
03.11.2022,68000.0,68000.0,68000.0,66592.25,66971.13652975381,66991.30952380953,67926.75,66369.5075,70.42887600553394,327.0171747962013,136.36515884161216,16.993494123772937,100.0,Sell
02.11.2022,68000.0,68000.0,68000.0,66692.25,67069.12352692011,67125.38095238095,68126.75,66371.7575,70.42887600553394,364.58757090196013,116.44208336339767,17.04797402993008,100.0,Sell
01.11.2022,68000.0,68000.0,68000.0,66792.25,67157.7784291182,67249.92857142857,68326.75,66380.5075,70.42887600553394,389.8682223135693,102.02541747956744,17.09856251421886,100.0,Sell
31.10.2022,69000.0,69000.0,69000.0,66954.75,67333.22810253552,67460.19047619047,68664.25,66399.2575,79.2859668366517,485.0041375527071,161.79660364075806,18.873092399022564,100.0,Sell
28.10.2022,69000.0,69000.0,68999.0,67129.75,67491.96828324642,67654.97619047618,68869.25,66428.2575,79.2859668366517,554.013710602725,145.07739745226985,20.517660284133633,100.0,Sell
27.10.2022,69999.0,69999.0,69999.0,67329.7,67730.73320865152,67928.23809523809,69170.09999999999,66467.5075,84.62235992342524,681.4598010481423,194.39526408332938,23.0992010425576,100.0,Sell
26.10.2022,69999.0,69999.0,69999.0,67529.65,67946.75861735138,68182.45714285714,69469.95000000001,66521.505,84.62235992342524,773.5448029521212,169.13692172794245,25.496346032522705,100.0,Sell
25.10.2022,67000.0,67000.0,67000.0,67589.65,67856.59112998459,68132.0142857143,69309.95000000001,66581.50749999999,44.609924892833575,597.6393793389725,-42.72725307819237,24.880374825566555,0.0,Sell
21.10.2022,67000.0,67000.0,67000.0,67639.65,67775.011022367,68075.85714285714,69159.95000000001,66646.51,44.609924892833575,453.011034578376,-48.42280438858742,24.30840156196442,0.0,Sell
20.10.2022,67000.0,67000.0,67000.0,67689.65,67701.20044880825,68014.93809523809,68909.95000000001,66716.5125,44.609924892833575,334.53570994168695,-54.65737111491432,23.77728353147672,0.0,Sell
19.10.2022,66501.0,66501.0,66501.0,67704.7,67586.89564415984,67901.73333333334,68595.09999999999,66791.76749999999,40.61863473460716,198.09452158026397,-95.71393310136739,23.811808506559384,0.0,Buy
18.10.2022,66501.0,67000.0,66501.0,67704.75,67483.47701138271,67787.09523809524,68295.25,66868.275,40.61863473460716,88.93866720501683,-83.80622152303549,23.068565444353798,0.0,Buy
17.10.2022,66100.0,66100.0,66100.0,67684.75,67351.71729601292,67634.26190476191,67935.25,66945.0275,37.492289298597775,-29.58445137621311,-125.32319072255673,22.813124314911317,0.0,Buy
14.10.2022,66000.0,66000.0,66000.0,67659.75,67222.98231544027,67473.80952380953,67360.25,67021.775,36.73299816535526,-130.08450779880513,-128.20059133208778,22.682459335353816,0.0,Buy
13.10.2022,66000.0,66000.0,66000.0,67604.75,67106.50780920786,67315.73809523809,66815.25,67095.4975,36.73299816535526,-207.34142371054622,-116.80702239626179,22.561127568621853,0.0,Buy
12.10.2022,66000.0,66000.0,66000.0,67530.0,67001.12611309283,67162.90476190476,66090.20000000001,67163.62,36.73299816535526,-265.50748120594653,-104.52805352681753,22.448462356656457,0.0,Buy
10.10.2022,66000.0,66000.0,66000.0,67455.0,66905.78076898876,67017.19047619047,65365.399999999994,67224.24999999999,36.73299816535526,-308.05345239231247,-93.24049656775308,22.343844659831444,0.0,Buy
07.10.2022,66000.0,66000.0,66000.0,67380.0,66819.51593384697,66878.61904761905,65240.399999999994,67277.38749999998,36.73299816535526,-337.8766098472406,-83.95540927222746,22.246699655636792,0.0,Buy
06.10.2022,66000.0,66000.0,66000.0,67305.0,66741.46679729011,66747.19047619047,65115.399999999994,67323.025,36.73299816535526,-357.3918858036923,-76.191194472324,22.15649358031319,0.0,Buy
05.10.2022,66000.0,66000.0,66000.0,67205.0,66670.85091183391,66622.90476190476,65015.399999999994,67358.66249999999,36.73299816535526,-368.6087899199629,-70.30831235132723,22.072730796084127,0.0,Buy
04.10.2022,66000.0,67000.0,66000.0,67105.0,66606.96034880211,66508.14285714286,65015.20000000001,67384.29999999999,36.73299816535526,-373.19629269003053,-47.34312723354012,21.048346862245275,0.0,Buy
03.10.2022,67000.0,67000.0,66000.0,67055.0,66644.39269653524,66498.14285714286,65165.0,67402.43749999999,53.69770484022257,-292.7654610404861,-24.7559307399835,20.09713320939491,100.0,Buy
30.9.2022,66001.0,66001.0,66000.0,66955.05,66583.11720162713,66397.76190476191,65245.15000000001,67410.57749999998,41.67515693296402,-306.1058013601869,-62.586006999749955,19.213863388891003,0.1,Buy
29.9.2022,66000.0,66001.0,66000.0,66805.05,66527.5822300436,66306.80476190476,65395.15000000001,67403.0925,41.66510076717637,-313.1490218230756,-59.44690408381438,18.39368426985166,0.0,Buy
28.9.2022,66000.0,66000.0,66000.0,66655.05,66477.33630337278,66230.13333333333,65545.15000000001,67379.3575,41.66510076717637,-315.0985646720801,-57.52074906172197,17.63208937360084,0.0,Buy
27.9.2022,66000.0,66000.0,66000.0,66455.1,66431.87570305157,66167.74761904762,65745.1,67335.62749999999,41.66510076717637,-313.03511744925345,-55.266518586982755,16.924894112796512,0.0,Buy
26.9.2022,67000.0,67000.0,67000.0,66305.15,66485.98277895142,66219.64285714286,66095.05000000002,67274.4025,55.174460252353825,-228.07902498179465,125.03111208241428,18.049029765905427,100.0,Sell
23.9.2022,68000.0,68001.0,68000.0,66355.15,66630.17489524177,66381.05714285714,66445.05000000002,67212.67749999999,64.1222569014938,-79.14671293484571,254.31042853758157,20.177841417031715,99.95002498750625,Sell
22.9.2022,68000.0,68000.0,68000.0,66405.15,66760.63442902827,66537.70952380952,66795.05000000002,67150.9525,64.1222569014938,38.44010377355153,214.06364722933296,22.15459509307755,99.95002498750625,Sell
21.9.2022,68000.0,68000.0,68000.0,66455.15,66878.66924531129,66689.6,67145.05000000002,67089.22750000001,64.1222569014938,130.12846325991268,183.21473889847837,23.990152077977257,99.95002498750625,Sell
20.9.2022,68100.0,68500.0,68100.0,66535.1,66994.98646004355,66846.25238095238,67485.1,67030.74750000001,64.99497703461485,208.45833507106,167.06284417403987,26.15411885532678,84.0,Sell
19.9.2022,68501.0,68501.0,68501.0,66635.1,67138.41632099179,67033.48095238095,67685.29999999999,66977.265,68.32256083068035,299.44090318439703,156.72035476431927,28.164383983263615,100.0,Sell
16.9.2022,68501.0,68600.0,68500.0,66755.15,67268.18619518305,67211.18571428572,68065.25,66930.785,68.32256083068035,367.3111100745009,132.2416536556583,30.120966675986182,96.1923076923077,Sell
15.9.2022,69000.0,69000.0,69000.0,66905.15,67433.12084326085,67424.98095238095,68515.25,66893.05500000001,72.14412362405696,456.10615980236616,139.6524528865961,32.27751483427992,100.0,Sell
14.9.2022,69500.0,70000.0,69500.0,67080.15,67629.96647723601,67672.10952380953,69040.25,66866.825,75.35271337584754,560.3631798478164,153.5082741469495,34.91409333101649,87.5,Sell
13.9.2022,69999.0,69999.0,69500.0,67280.1,67855.58871749925,67950.09523809524,69640.1,66854.33,78.0678617374558,675.4663929335948,139.35163251203474,37.36234479227188,99.975,Sell
12.9.2022,69799.0,69799.0,69500.0,67470.05,68040.67550630885,68189.99047619048,70009.95,66855.0825,74.52432737784513,741.994934320639,116.54406310810934,39.635721149151884,94.975,Sell
09.9.2022,70000.0,70000.0,70000.0,67670.05,68227.27783904134,68430.93809523809,70209.95,66869.585,75.71725184123059,801.6968407142413,118.76831347565545,41.863718801021726,100.0,Sell
07.9.2022,70000.0,70000.0,70000.0,67870.05,68396.10852103741,68652.8380952381,70409.95,66897.8375,75.71725184123058,839.3356922680396,109.17230085270023,43.9325737634723,100.0,Sell
06.9.2022,70000.0,70600.0,70000.0,68070.05,68548.86009046242,68855.69047619047,70609.95,66941.09,75.71725184123059,859.2597418641235,109.95895890695647,46.177567512044405,83.33333333333333,Sell
05.9.2022,70600.0,70600.0,70600.0,68300.05,68744.20674851362,69096.6380952381,70879.95,67000.8425,79.32645608611715,912.940866284247,117.51960134020418,48.26220456428994,100.0,Sell
02.9.2022,70500.0,70500.0,70500.0,68475.05,68911.42515341709,69306.15714285715,71104.74999999999,67071.845,77.26520444312439,936.6176348039007,101.897535129221,49.83254892442932,96.15384615384616,Sell
01.9.2022,70500.0,72000.0,70500.0,68700.0,69062.7179959488,69499.00952380952,71279.6,67159.0925,77.26520444312439,944.4941043300787,114.96420553225722,51.97141468271675,62.5,Sell
31.8.2022,72000.0,72000.0,72000.0,69000.0,69342.45913919178,69813.29523809523,71579.6,67268.84,84.34282183575225,1059.5597815448418,150.54580574652724,53.957504315412216,100.0,Sell
30.8.2022,72000.0,72000.0,72000.0,69300.0,69595.55826879256,70099.00952380952,71779.6,67401.0875,84.34282183575225,1137.636197806598,138.8791417789248,55.801730402915155,100.0,Sell
29.8.2022,72000.0,72000.0,72000.0,69600.0,69824.55271938375,70356.15238095238,71879.79999999999,67558.33249999999,84.34282183575225,1185.842664133539,132.99301148234264,57.51422605559645,100.0,Sell
26.8.2022,72500.0,72500.0,72500.0,69875.0,70079.35722229959,70632.34285714285,72145.0,67736.825,86.13927086850553,1249.9834264793462,147.81068300975693,59.28579048527818,100.0,Sell
25.8.2022,72500.0,72500.0,72500.0,70100.0,70309.89462969963,70882.34285714285,72420.0,67924.0675,86.13927086850553,1285.99133513798,130.6050970090783,60.93081459855406,100.0,Sell
24.8.2022,72000.0,72000.0,72000.0,70300.0,70470.85704591872,71063.29523809523,72620.0,68118.81,76.02309604846114,1259.6614477891708,91.89363565141191,60.80291163054494,83.33333333333333,Sell
23.8.2022,72000.0,72000.0,72000.0,70500.0,70616.48970821218,71225.2,72820.0,68321.0525,76.02309604846114,1224.6775024556118,82.89616711564759,60.6841445888222,83.33333333333333,Sell
22.8.2022,72000.0,72000.0,71900.0,70695.0,70748.25259314435,71368.05714285714,72905.0,68529.0475,76.02309604846114,1183.311989701906,72.34765719834931,60.24829166310898,80.0,Sell
19.8.2022,72000.0,72050.0,72000.0,70869.95,70867.46663189252,71492.34285714285,73030.05,68740.79000000001,76.02309604846114,1137.418075268637,67.78025804949397,59.89284279965212,80.0,Buy
18.8.2022,72000.0,72000.0,72000.0,71044.9,70975.32695266466,71599.96666666666,73155.1,68955.2775,76.02309604846114,1088.4992753534898,60.266215380609495,59.5627831407279,80.0,Buy
17.8.2022,72000.0,72000.0,71500.0,71194.9,71072.9148619347,71690.92857142857,73005.1,69169.765,76.02309604846114,1037.7680301168002,43.598532047050725,57.59528457700103,75.0,Buy
16.8.2022,72000.0,72000.0,72000.0,71319.9,71161.20868460758,71767.60476190476,72880.1,69381.7525,76.02309604846114,986.1949117106415,50.415873687179435,55.76832162496894,75.0,Buy
15.8.2022,72000.0,72000.0,72000.0,71419.95,71241.09357178782,71832.37619047619,72780.05,69588.745,76.02309604846114,934.5499339085509,46.102857519744944,54.07185602665343,75.0,Buy
12.8.2022,72000.0,72000.0,72000.0,71530.0,71313.37037447469,71887.61904761905,72570.0,69791.7425,76.02309604846114,883.4372027655045,42.09113164337113,52.49656654250331,50.0,Buy
11.8.2022,72000.0,72000.0,72000.0,71630.0,71378.76367214377,71932.38095238095,72370.0,69989.73999999999,76.02309604846113,833.3239552572486,38.37398373983824,51.033797735792476,50.0,Buy
10.8.2022,72000.0,72000.0,71201.0,71730.0,71437.9290367015,71967.61904761905,72270.0,70182.7375,76.02309604846114,784.5648701125174,-1.260975653194845,47.5290100362512,61.50885296381832,Buy
09.8.2022,71000.0,71000.0,71000.0,71780.0,71396.2215093966,71898.09523809524,72020.0,70368.235,49.66448253966336,657.6503177043924,-127.8961597918825,44.73107425046099,0.0,Buy
08.8.2022,71000.0,71000.0,71000.0,71800.0,71358.4861275493,71823.80952380953,71800.0,70543.2325,49.66448253966336,550.721248806818,-141.57790666049067,42.132991020798656,0.0,Buy
05.8.2022,71000.0,71000.0,71000.0,71825.0,71324.34459159222,71747.61904761905,71575.0,70710.73,49.66448253966336,460.66888714852394,-162.0714699569958,39.72048516468363,0.0,Buy
04.8.2022,71000.0,71000.0,71000.0,71850.0,71293.4546304882,71669.04761904762,71350.0,70868.23,49.66448253966336,384.8652546567173,-162.0714699569958,37.48030115543396,0.0,Buy
03.8.2022,71000.0,72000.0,71000.0,71800.0,71265.50657044169,71588.09523809524,71200.0,71008.23,49.66448253966336,321.08901547188,-83.07869807017732,36.55710993297501,0.0,Buy
01.8.2022,72000.0,72000.0,72000.0,71800.0,71335.45832563772,71607.14285714286,71200.0,71133.23,66.49274501704589,347.2348222020373,37.103137046353005,35.69986094069169,95.23809523809524,Buy
29.7.2022,72000.0,72000.0,71999.0,71800.0,71398.74800891032,71626.19047619047,71200.0,71243.23,66.49274501704589,363.7623366236512,37.047052460791804,34.90071098176316,100.0,Buy
28.7.2022,69999.0,69999.0,69999.0,71674.95,71265.43867472839,71454.66666666667,70924.84999999999,71333.22750000001,37.44264185954995,212.94187257648446,-237.78810810297753,34.4930593875471,0.0,Buy
27.7.2022,70000.0,70000.0,70000.0,71549.95,71144.92070570664,71295.14761904762,70649.84999999999,71405.725,37.457347613888935,92.4307754161564,-187.96936801495696,34.112383002352146,0.04997501249375312,Buy
26.7.2022,70001.0,70005.0,70001.0,71450.0,71035.97587659172,71147.62857142858,70350.0,71463.225,37.47317684988864,-2.9603209392662393,-154.5643598319169,33.74737692201915,0.09995002498750624,Buy
25.7.2022,71000.0,71000.0,71000.0,71400.0,71032.5496026306,71104.77142857143,70400.0,71508.225,50.85494874456974,2.0291086505167186,-42.2990330985361,31.463115037225283,50.02498750624687,Buy
22.7.2022,71000.0,71000.0,71000.0,71350.0,71029.44964047532,71066.6761904762,70450.0,71540.975,50.85494874456974,5.9150821621733485,-37.65307788602772,29.342014715630977,50.02498750624687,Buy
21.7.2022,71000.0,71000.0,70900.0,71300.0,71026.644912811,71033.34285714285,70500.0,71562.47750000001,50.85494874456974,8.892239960056031,-36.510597087196636,27.540936452224294,50.02498750624687,Buy
20.7.2022,70000.0,70000.0,69985.0,71200.0,70928.869206829,70909.53333333334,70400.0,71570.23250000001,40.120062986265445,-68.64864484171267,-129.63518970838356,27.179008109559724,0.7444168734491315,Buy
19.7.2022,69800.0,69800.0,69001.0,71090.0,70821.35785379767,70776.2,70270.0,71564.9875,38.375322175463175,-144.57214552866935,-159.85303249844728,27.84756544695713,26.64221407135712,Buy
18.7.2022,69000.0,69000.0,69000.0,70940.0,70647.89520105503,70577.15238095238,69820.0,71545.99250000001,32.320609598443255,-266.22648771328386,-182.6174803870508,28.469268541842627,0.0,Buy
15.7.2022,69000.0,69000.0,69000.0,70790.0,70490.95280095455,70392.39047619047,69370.0,71514.49500000001,32.320609598443255,-358.5057986817119,-149.7308941891387,29.046564272807725,0.0,Buy
14.7.2022,69800.0,69800.0,68502.0,70680.0,70425.14777229221,70298.10476190476,69440.20000000001,71471.99500000001,42.789213789270185,-362.901204156311,-103.05823209049119,28.06557458252147,37.106918238993714,Buy
13.7.2022,69009.0,69009.0,69009.0,70530.45,70290.27655588344,70138.9619047619,69391.55,71417.0175,36.73828071321692,-425.3089867457602,-115.79839595116154,27.15465558439852,14.493996569468267,Buy
12.7.2022,69009.0,69985.0,69009.0,70380.9,70168.25021722788,69994.06190476191,69342.70000000001,71349.5625,36.73828071321693,-469.3571470452298,-81.49624505800132,25.606952564827754,14.493996569468267,Buy
11.7.2022,70000.0,70500.0,70000.0,70330.9,70152.2263870157,69957.78571428571,69192.70000000001,71277.10750000001,47.521243703327904,-419.46488349586434,-13.579101519917598,24.79743102151568,59.9679743795036,Buy
08.7.2022,70511.0,70899.0,70501.0,70306.45,70186.39530253802,69974.93809523809,69119.34999999999,71202.43000000001,52.05895202218906,-334.8317438660597,26.380044214208176,24.48652228984711,80.42433947157726,Buy
07.7.2022,70700.0,70700.0,70501.0,70291.45,70235.31003562963,70012.41904761904,69074.34999999999,71125.7525,53.655126387522735,-249.63105904081021,28.322085290549733,24.197821324726295,87.99039231385107,Buy
06.7.2022,70500.0,70500.0,70500.0,70266.45,70260.51860366491,70032.28095238096,69199.34999999999,71046.575,51.69373790916587,-195.9880033054651,19.82075561974023,23.927942113724864,79.9839871897518,Buy
05.7.2022,70500.0,71000.0,70500.0,70241.45,70283.32635569683,70054.52380952382,69364.34999999999,70968.64749999999,51.69373790916587,-151.72648666604073,39.24421839660047,24.25281724702074,79.9839871897518,Sell
04.7.2022,71000.0,71000.0,70990.0,70191.45,70351.5809884876,70126.76666666666,69814.34999999999,70888.22,56.3230270267194,-75.43354358198121,80.38456713350135,24.554487013652622,100.0,Sell
01.7.2022,71000.0,71000.0,71000.0,70141.45,70413.33518006021,70203.77142857143,70264.34999999999,70805.29250000001,56.3230270267194,-14.80022870322864,92.97998918334271,24.8346089398108,100.0,Sell
30.6.2022,71000.0,71000.0,71000.0,70191.5,70469.20802005447,70285.5380952381,70454.29999999999,70731.12,56.3230270267194,32.87316875111719,83.0797649896094,25.09472215695768,100.0,Sell
29.6.2022,71000.0,71000.0,71000.0,70241.5,70519.75963719214,70362.5380952381,70802.5,70665.6975,56.3230270267194,69.84949816690641,74.95380455564806,25.336255858594065,100.0,Sell
28.6.2022,71000.0,71000.0,71000.0,70291.45,70565.4968146024,70434.77619047619,71150.75000000001,70607.76999999999,56.3230270267194,98.02355114887177,68.40160642570197,25.56053715297071,100.0,Sell
27.6.2022,71000.0,71000.0,71000.0,70291.45,70606.87807035455,70502.25714285714,71350.75000000001,70552.3425,56.3230270267194,118.98016187663598,68.40160642570197,25.76879835489188,100.0,Sell
24.6.2022,71000.0,71000.0,70001.0,70291.45,70644.31825413031,70569.73809523809,71448.55,70499.415,56.3230270267194,134.04325960492133,38.65444086275112,24.22165153965406,100.0,Sell
23.6.2022,70002.0,70010.0,70002.0,70241.55,70583.14508707028,70542.17142857143,71358.84999999999,70446.4925,42.62570258867595,64.70473777261213,-22.248798808250438,22.785015211218944,49.874434957307884,Sell
22.6.2022,70000.0,70000.0,70000.0,70241.55,70527.60745973025,70519.16666666667,71258.84999999999,70398.56999999999,42.6033422918497,9.48276496642211,-22.753415111291226,21.45502686178881,0.0,Sell
21.6.2022,70000.0,70000.0,70000.0,70251.55,70477.35913023213,70496.1619047619,71148.84999999999,70356.64749999999,42.6033422918497,-33.89037914060464,-26.114915059705233,20.220037680175118,0.0,Sell
20.6.2022,70505.0,70505.0,70505.0,70326.8,70479.99159401955,70520.3,70974.59999999999,70325.9875,50.246310524121455,-27.201071769872215,21.074004060772264,19.57204581806028,50.5,Sell
17.6.2022,73100.0,74000.0,73100.0,70531.8,70729.51620411292,70784.41428571429,71189.59999999999,70313.07749999998,71.3548229716136,185.35836929574725,316.6239785339675,22.28851207909334,77.5,Sell
16.6.2022,72802.0,72802.0,72800.0,70681.9,70926.89561324503,71000.62380952381,71399.9,70313.1725,67.79760657614493,326.00911805889336,214.88832553569955,24.291958025813155,70.05,Sell
15.6.2022,73000.0,73000.0,72501.0,70881.45,71124.33412626931,71221.39523809524,71600.34999999999,70330.7225,68.906747465088,448.2852418128168,187.04989399750713,25.645989445118744,75.0,Sell
14.6.2022,73500.0,73500.0,73500.0,71106.0,71350.58801900558,71470.78095238096,71875.79999999999,70366.97750000001,71.56973408123112,578.8629998329852,196.91326418252277,27.220567691493773,87.5,Sell
13.6.2022,74299.0,74299.0,74000.0,71320.95,71631.38916005267,71774.87619047619,72320.65000000001,70416.48,75.22176653741234,738.3086734974058,189.3351508631897,29.12619331564054,100.0,Sell
09.6.2022,74400.0,74401.0,74000.0,71515.4,71895.0663829048,72068.11904761905,72806.20000000001,70476.9275,75.64761442370468,862.8737035934901,153.67854218422565,30.948576781550237,99.97727789138833,Sell
08.6.2022,74401.0,74401.0,74401.0,71700.45,72133.72672739005,72342.93809523809,73500.95,70547.3775,75.65207621650707,950.713841662,133.10673806216076,32.640789999894956,100.0,Sell
07.6.2022,74450.0,74450.0,74450.0,71897.95,72354.32418192433,72604.8,74193.45,70628.9525,75.88522431459373,1012.6089487907593,115.75020341618873,34.240859094165735,100.0,Sell
06.6.2022,74998.0,75000.0,74400.0,72122.85,72606.10283126487,72900.04285714286,74968.15,70723.0225,78.37878118337491,1093.2776629367727,114.04556979794512,36.0375044812554,99.96,Sell
03.6.2022,75000.0,75000.0,75000.0,72322.85,72834.09303781108,73174.05714285714,75667.15,70829.5925,78.38756481017876,1144.1801864079898,107.884822836279,37.70581805498151,100.0,Sell
02.6.2022,75000.0,75000.0,75000.0,72522.85,73040.36989135288,73429.02380952382,75847.15,70948.6625,78.38756481017876,1171.0219904221012,96.97209833472637,39.25496637344147,100.0,Sell
01.6.2022,75000.0,75000.0,75000.0,72722.85,73227.00133027165,73664.94285714286,76086.75,71075.23,78.38756481017876,1178.7069139041414,88.68251895103438,40.69346124058286,100.0,Sell
31.5.2022,75000.0,75000.0,75000.0,72922.85,73395.85834643626,73881.81428571428,76286.75,71209.2975,78.38756481017876,1171.2953079267754,81.67540619013246,42.02920647435701,100.0,Sell
30.5.2022,75000.0,75000.0,75000.0,73122.85,73548.63374201376,74079.6380952381,76386.75,71350.86750000001,78.38756481017876,1152.1403994496068,75.20177045778406,43.269541334290146,100.0,Sell
27.5.2022,75000.0,75000.0,75000.0,73322.85,73686.85909991722,74258.41428571429,76326.94999999998,71502.4375,78.38756481017876,1124.0031874011038,70.18967267299622,44.4212808470852,100.0,Sell
26.5.2022,76000.0,76000.0,76000.0,73572.85,73907.15823325844,74513.38095238095,76396.94999999998,71666.5075,83.58794205654648,1168.921289785896,105.57520312900762,46.152647448953005,100.0,Sell
25.5.2022,76000.0,76000.0,76000.0,73872.75,74106.47649675763,74744.5380952381,76416.85,71848.0675,83.58794205654648,1190.7924949046283,102.26481598618768,47.76034500783025,100.0,Sell
23.5.2022,76000.0,76100.0,76000.0,74172.75,74286.812068495,74947.13333333333,76426.85,72044.6275,83.58794205654648,1194.357769628361,104.82690460872819,49.310925539962504,95.23809523809524,Sell
20.5.2022,76000.0,76000.0,76000.0,74472.75,74449.97282387642,75121.15714285715,76327.25,72255.6875,83.58794205654648,1183.5401612822461,105.02991358298237,50.7507503197996,95.23809523809524,Buy
19.5.2022,76000.0,76000.0,76000.0,74747.5,74597.59445969772,75266.60952380953,76252.5,72476.7225,83.58794205654648,1161.577189942327,105.19426553085358,52.08773047250548,94.11764705882354,Buy
18.5.2022,76000.0,76000.0,76000.0,74892.5,74731.15689210746,75385.89523809524,76307.5,72694.7575,83.58794205654648,1131.1323868704058,98.81672249532303,53.32921204287522,94.11764705882354,Buy
17.5.2022,76000.0,76000.0,76000.0,75052.4,74851.99909285913,75491.37142857142,76347.6,72913.2825,83.58794205654648,1094.3892233596853,94.77559814460089,54.48201635821855,94.11764705882354,Buy
16.5.2022,77999.0,77999.0,77999.0,75302.35,75151.71346496778,75772.0,76697.44999999998,73134.3275,90.92277123429942,1212.5945599440456,232.9982588707537,56.4846879374257,100.0,Buy
13.5.2022,77999.0,77999.0,77500.0,75527.3,75422.88361116132,76028.8238095238,77072.3,73355.3925,90.92277123429942,1291.3868372116413,185.79670047140908,57.000599246241016,100.0,Buy
12.5.2022,78000.0,78000.0,78000.0,75712.35,75668.3232672412,76264.31904761905,77487.25,73574.9625,90.92512424673635,1338.4817913419538,171.67567433711577,57.480236251237095,100.0,Buy
11.5.2022,78100.0,78100.0,78100.0,75897.35,75899.91152750394,76491.71428571429,77722.25,73794.06,91.1715798070275,1368.1034016566846,159.48668748375448,57.98623289589313,100.0,Sell
10.5.2022,78000.0,78000.0,78000.0,76077.3,76099.91995345594,76691.96666666666,77942.3,74012.9025,88.58084804130782,1367.743086072427,134.27963913436082,58.16728030401969,96.7741935483871,Sell
09.5.2022,77500.0,78000.0,77500.0,76229.8,76233.26091026966,76827.4619047619,78089.8,74229.49500000001,76.8257920049848,1311.9879318560124,93.81711791545828,56.99572774763585,80.64516129032258,Sell
06.5.2022,78001.0,78500.0,78000.0,76379.95,76401.61701405351,76996.14761904762,78339.84999999999,74442.35,79.72861583104503,1293.3195012664364,107.35162934369225,56.372756022336766,80.04,Sell
05.5.2022,79000.0,79002.0,78999.0,76579.95,76649.08206033413,77245.6761904762,78739.84999999999,74655.205,84.02551443443525,1343.6468619012012,133.39808475980163,56.192627186207076,99.93337774816789,Sell
04.5.2022,79000.0,79000.0,79000.0,76779.95,76872.97900696898,77476.15714285715,79139.84999999999,74868.06,84.02551443443525,1367.7649152543454,116.4153828122635,56.02536469551522,99.93337774816789,Sell
03.5.2022,79500.0,80000.0,79500.0,77004.95,77123.17148249573,77735.20952380952,79614.84999999999,75082.16500000001,85.77567269129486,1410.9598013258656,133.50926592337308,56.527386871571466,87.5,Sell
29.4.2022,80000.0,80000.0,77000.0,77254.95,77397.15515082947,78020.45238095238,79765.05,75298.77,87.27684313487481,1468.6086744437052,91.28067203289477,52.92499227484531,100.0,Sell
28.4.2022,76000.0,76000.0,74500.0,77304.95,77264.09275551238,77900.93333333333,79315.25000000001,75507.875,45.71315214353289,1177.9505701976304,-91.7646122265623,50.780942425508385,27.272727272727273,Buy
27.4.2022,74500.0,74500.0,74500.0,77279.95,77000.84582641596,77633.79523809523,78640.25000000001,75705.73000000001,38.33957364125653,817.1449264698313,-139.9115218911175,48.790038993981234,0.0,Buy
26.4.2022,74000.0,74000.0,73500.0,77179.95,76715.05098580492,77321.41904761904,77920.25000000001,75886.08499999999,36.24110721426927,485.2642092874303,-154.4157580192132,47.56106440636239,7.6923076923076925,Buy
21.4.2022,73500.0,73500.0,72500.0,77054.95,76408.8556538235,76970.94761904761,77145.25000000001,76045.19499999999,34.22381922387369,179.82758802728495,-161.37030909814732,46.94813132071,13.333333333333334,Buy
20.4.2022,72500.0,72500.0,72500.0,76879.95,76036.5836867927,76537.14285714286,76320.25000000001,76180.55500000001,30.55999670473564,-141.2960051312548,-162.11002040861888,46.37897916974706,0.0,Buy
19.4.2022,72500.0,72500.0,72500.0,76704.95,75699.76619281244,76120.00476190477,75395.05,76292.16500000001,30.55999670473564,-391.2783529890148,-140.23003561931483,45.850480743852906,0.0,Buy
18.4.2022,73500.0,73500.0,72600.0,76579.95,75490.26465063983,75814.77142857143,74420.05,76383.7875,38.229330334951236,-502.90237649023766,-103.5150710303482,44.17887752422468,13.333333333333334,Buy
15.4.2022,72500.0,72500.0,72500.0,76404.95,75205.4775410551,75426.20476190477,73295.05,76459.41,34.16562715694714,-664.3980943160859,-110.05177657172172,42.696738312603586,0.0,Buy
14.4.2022,72500.0,73000.0,72500.0,76229.95,74947.81301333556,75054.30476190476,72070.05,76518.2875,34.16562715694714,-783.3545901133766,-93.01944620941399,40.75830848882087,0.0,Buy
13.4.2022,72501.0,72501.0,72500.0,75955.05,74714.7832025417,74699.16666666667,70845.15000000001,76550.9225,34.17374225591682,-867.5472339418484,-86.99185940779243,38.95833793816549,0.013333333333333334,Buy
12.4.2022,73000.0,73500.0,73000.0,75705.1,74551.47051658534,74417.73333333334,70495.1,76559.8125,38.26324183390231,-883.8172855574085,-63.41398997408586,36.2243591802041,6.666666666666667,Buy
11.4.2022,73500.0,73500.0,73499.0,75480.1,74451.33046738674,74207.72380952381,70520.1,76548.2,42.14196533203374,-846.6064452498686,-49.974679198879656,33.685664619239944,13.333333333333334,Buy
08.4.2022,73500.0,73500.0,73500.0,75250.1,74360.72756573086,74019.14285714286,70650.1,76515.8375,42.14196533203374,-807.8047162881267,-45.46362476184292,31.328305384058947,13.333333333333334,Buy
07.4.2022,73500.0,73500.0,73500.0,75025.1,74278.75351185174,73852.46666666666,70875.1,76463.22750000001,42.14196533203374,-768.1987495370267,-41.46817022883139,29.139328951390876,28.571428571428573,Buy
06.4.2022,73500.0,73500.0,73500.0,74825.1,74204.586510723,73707.21904761904,71275.1,76392.9925,42.14196533203374,-728.4140320022707,-37.89583939718574,27.106707978199097,50.0,Buy
05.4.2022,73500.0,73500.0,72998.0,74600.05,74137.4830335113,73581.01904761905,71700.15000000001,76303.9975,42.14196533203374,-688.9426546516625,-39.643244709712405,25.827053425882365,66.66666666666667,Buy
04.4.2022,72500.0,72500.0,72500.0,74275.05,73981.53226841499,73381.0142857143,71825.15000000001,76188.7525,35.65275933771876,-729.9386677854782,-66.59947070769225,25.182706390045798,0.0,Buy
01.4.2022,73500.0,73500.0,73500.0,74000.05,73935.67205237546,73307.2,72300.15000000001,76049.7575,44.80561036211217,-673.9675821463316,-20.502702895850092,23.4641897011219,100.0,Buy
31.3.2022,73500.0,73510.0,73500.0,73700.05,73894.17947595875,73259.57619047619,72800.15000000001,75884.5125,44.80561036211217,-622.4350497265259,-7.104522779394019,21.880079918454463,99.00990099009901,Sell
30.3.2022,74000.0,74000.0,73999.0,73400.05,73904.25762110554,73288.14285714286,73399.95,75691.76749999999,49.0113228615419,-535.0812417084235,80.99234756850144,20.973977076344987,100.0,Sell
29.3.2022,73500.0,73500.0,73500.0,73275.05,73865.75689528597,73297.6619047619,73624.95,75490.27249999999,45.294476781223565,-500.4298964895861,38.08505794906714,19.5026829959452,66.66666666666667,Sell
28.3.2022,73500.0,73500.0,73500.0,73225.05,73830.92290525873,73319.08571428571,73674.95,75287.5275,45.294476781223565,-467.5785018424649,50.4947341833307,18.136481349859686,66.66666666666667,Sell
25.3.2022,73500.0,73500.0,72400.0,73200.05,73799.40643809123,73345.27142857143,73699.95,75088.5325,45.294476781223565,-436.51169974751247,-4.399400187878572,18.041190598035207,68.75,Sell
24.3.2022,73500.0,73500.0,73500.0,73200.05,73770.8915392254,73373.8380952381,73699.95,74895.7875,45.294476781223565,-407.19712033127144,55.056547921680554,17.952706328483906,68.75,Sell
23.3.2022,73500.0,73505.0,73499.0,73250.05,73745.09234501346,73402.40476190476,73649.95,74714.2925,45.294476781223565,-379.5894342321408,50.65365471866514,17.863022170951417,68.75,Sell
22.3.2022,73555.0,73600.0,73510.0,73302.8,73726.98831215504,73431.44761904761,73608.2,74544.185,45.94762097061222,-349.24621082992235,56.33988988251133,17.628792089160694,72.1875,Sell
21.3.2022,73500.0,73500.0,73500.0,73302.8,73705.37037766408,73450.22857142857,73808.2,74380.3275,45.36434084377065,-325.88048069049546,41.950745104396134,17.423792128124855,68.75,Sell
18.3.2022,73500.0,73500.0,73100.0,73352.8,73685.81129407702,73469.00952380952,73758.2,74227.72,45.36434084377065,-303.86025929133757,7.453197761178386,17.72719282797168,68.75,Sell
17.3.2022,73100.0,73100.0,73100.0,73382.8,73630.01974226016,73444.93333333333,73648.2,74085.36250000002,40.97682111571087,-315.05398600948683,-71.2264085819597,18.008922049258018,43.75,Sell
16.3.2022,72000.0,72000.0,70898.0,73357.75,73474.77976680681,73313.23809523809,73273.25,73955.49750000001,31.85307455884464,-407.98292875435436,-368.82395402172926,20.17911283951005,35.525467440361055,Sell
15.3.2022,70001.0,70001.0,70001.0,73207.8,73143.9435985395,72993.54761904762,72723.40000000001,73830.63249999999,22.18563283892624,-635.6055143378908,-388.5078700568498,22.67413999605742,0.0,Buy
14.3.2022,70900.0,70900.0,70900.0,73077.8,72930.23468439287,72773.75714285714,72333.40000000001,73710.5175,32.15784321000915,-734.9838305148733,-200.4566080901042,23.626111827068165,22.48062015503876,Buy
11.3.2022,70900.0,70900.0,70900.0,72947.8,72736.87900016498,72566.34761904762,71943.40000000001,73595.4025,32.15784321000915,-804.4684505337209,-155.69659332053064,24.51008567014957,22.48062015503876,Buy
10.3.2022,70900.0,70900.0,70900.0,72817.8,72561.9381430064,72371.31904761905,71553.40000000001,73485.0375,32.15784321000915,-849.7402360124834,-127.42571091409184,25.330918524439447,24.979160878021673,Buy
09.3.2022,70900.0,70900.0,70900.0,72687.8,72403.65831986292,72188.67142857143,71163.40000000001,73378.17250000002,32.15784321000915,-875.5259341965575,-107.9746296880743,26.09312046056576,24.979160878021673,Buy
08.3.2022,70900.0,70900.0,70900.0,72557.8,72260.45276559026,72018.40476190476,70762.40000000001,73276.06,32.15784321000915,-885.7509007601911,-93.73711923740042,26.80087940125448,24.979160878021673,Buy
07.3.2022,70900.0,70900.0,70000.0,72477.8,72130.88583553405,71860.51904761905,70322.40000000001,73186.1975,32.15784321000915,-883.6678870905598,-96.09829260692956,28.150929743912084,25.0,Buy
04.3.2022,70000.0,70000.0,70000.0,72302.8,71927.94432738794,71624.5380952381,69797.40000000001,73101.33499999999,26.795193214120786,-943.7604788070457,-111.10877364059216,29.404547919237,0.0,Buy
03.3.2022,69200.0,69200.0,69200.0,72087.8,71668.14010573195,71329.03333333334,69232.40000000001,73020.7225,23.106600119743064,-1043.9041278293007,-131.34881489820177,31.09273082082127,0.0,Buy
02.3.2022,69101.0,69101.0,69101.0,71842.85,71423.65057185272,71044.57619047619,68897.54999999999,72942.8625,22.69033063904797,-1118.365344267484,-122.57528921816618,32.719669417573186,0.0,Buy
01.3.2022,69990.0,69990.0,69990.0,71667.35,71287.11242215247,70868.11428571428,69070.85,72862.47750000001,34.160645438397395,-1093.0416210293915,-75.44035608239484,32.624818154544656,20.20913844055467,Buy
28.2.2022,69990.0,69990.0,68000.0,71491.85,71163.57790575699,70708.36666666667,69064.35,72775.8175,34.160645438397395,-1060.744782355323,-98.14598330564586,33.81306905023755,39.01960784313726,Buy
25.2.2022,70000.0,70000.0,68500.0,71316.85,71052.76096235156,70566.28571428571,69059.35,72681.6575,34.28783600336331,-1022.5550109456672,-84.09838866401033,34.90143939905251,50.0,Buy
24.2.2022,68400.0,68400.0,68400.0,71061.85,70800.11706117522,70288.49047619048,68814.35,72574.74750000001,25.724826114511174,-1108.6165289472701,-132.76592586071263,35.966406426314606,13.793103448275861,Buy
23.2.2022,76000.0,76000.0,76000.0,71186.85,71295.34400772996,70758.79047619048,69709.35,72471.58750000001,67.38756802188837,-557.1420313252165,223.91849965691958,35.72447374561312,100.0,Sell
22.2.2022,76000.0,76000.0,76000.0,71309.1,71743.40648318426,71217.18571428572,70607.1,72371.9025,67.38756802188837,-118.7259202956775,195.46628899346607,35.499821970676024,100.0,Sell
21.2.2022,76000.0,76000.0,76000.0,71434.1,72148.79634192861,71663.93809523809,71502.1,72278.4675,67.38756802188837,226.11548772228707,171.94268208612476,35.291216751091575,100.0,Sell
18.2.2022,76000.0,76000.0,76000.0,71559.1,72515.57764269732,72098.78571428571,72577.1,72188.7825,67.38756802188837,493.71356536916574,151.63254814452966,35.09751190433459,100.0,Sell
17.2.2022,76999.0,76999.0,76999.0,71754.05,72942.57024815472,72616.87142857142,73941.95,72107.345,70.3300364602294,777.4361211851501,156.8187522881409,35.34440774690641,100.0,Sell
16.2.2022,76999.0,76999.0,76999.0,72004.0,73328.8968911876,73116.39047619047,75271.6,72039.6575,70.3300364602294,990.8662019961339,127.92101532494515,35.57366817215168,100.0,Sell
15.2.2022,77000.0,77000.0,77000.0,72353.95,73678.52575869353,73592.2,76323.65000000001,71996.96500000001,70.33314390937748,1146.8713513267285,108.3662322686843,35.78700434250472,100.0,Sell
14.2.2022,77003.0,77003.0,77003.0,72659.1,73995.14235310369,74034.96666666666,77421.1,71976.03,70.34317891344813,1256.267165174606,94.03956684685174,35.98656023960956,100.0,Sell
11.2.2022,77500.0,77500.0,77500.0,72989.1,74328.93831947476,74496.00476190477,78591.1,71978.095,72.03106002194104,1367.3064248540031,91.89010765793243,36.41735115690846,100.0,Sell
10.2.2022,77500.0,78001.0,77003.0,73319.1,74630.9441938105,74925.61428571428,80081.1,72003.16,72.03106002194104,1438.7211562284065,82.12788816299476,37.054551329878144,94.99050094990501,Sell
09.2.2022,78000.0,78000.0,78000.0,73674.1,74951.80665154284,75371.41428571429,80126.1,72052.475,73.77268283858378,1518.1632260376646,82.86397799838004,37.64623720477856,99.9900009999,Sell
08.2.2022,78000.0,78000.0,77501.0,74029.1,75242.11077996733,75783.40476190476,80171.1,72126.04000000001,73.77268283858378,1563.1031584974844,73.05070397294052,37.55152773035195,99.98958441828977,Sell
07.2.2022,77000.0,77000.0,77000.0,74334.1,75409.52880092282,76066.34761904762,80066.1,72218.85500000001,64.46200554535605,1500.7272861113306,53.019509222116795,36.85140561126242,89.57400270805124,Sell
04.2.2022,77000.0,77000.0,77000.0,74684.1,75561.00224845398,76320.24285714286,79916.1,72337.92000000001,64.46200554535605,1434.7549953687558,49.34105039111732,36.201292214965,49.97501249375313,Sell
03.2.2022,77000.0,77001.0,77000.0,75074.1,75698.04965336312,76540.80476190476,79526.29999999999,72487.23500000002,64.46200554535605,1366.716818913832,46.25291358382895,35.598366462750356,49.97501249375313,Sell
02.2.2022,77000.0,77001.0,77000.0,75469.05,75822.0449244714,76724.22380952381,79131.55,72668.545,64.46200554535605,1297.8354348660796,43.66283147950776,35.0385068356939,49.97501249375313,Sell
01.2.2022,77000.0,77000.0,77000.0,75819.55,75934.23112214079,76870.02857142857,78781.05,72876.155,64.46200554535605,1229.078391126488,41.49299344686937,34.51863718199862,49.97501249375313,Sell
31.1.2022,77000.0,77000.0,77000.0,76170.05,76035.73292003214,76982.45238095238,78429.95,73110.065,64.46200554535605,1161.2023210612679,38.5660776385254,34.03590107499586,0.0998003992015968,Buy
28.1.2022,77000.0,77000.0,77000.0,76520.05,76127.56788002908,77061.49523809523,77979.95,73370.225,64.46200554535605,1094.789989003766,32.03456101495569,33.5876461184933,0.0998003992015968,Buy
27.1.2022,76301.0,78000.0,76000.0,76915.1,76144.08522478821,77040.63333333333,77345.1,73662.8875,56.14166762541586,974.5206121609663,-28.010098626100227,33.171409373169496,15.04247876061969,Buy
26.1.2022,76000.0,76000.0,75000.0,76915.1,76130.36282242743,76953.48095238095,76945.1,73949.3,52.97100958502196,845.1754238976573,-201.0764609833293,31.096619020879338,33.32222592469177,Buy
25.1.2022,76000.0,77500.0,75560.0,76915.1,76117.94731552957,76866.32857142857,76545.1,74229.6,52.97100958502196,734.2049724218814,-99.57137010791261,30.74573285616957,33.32222592469177,Buy
24.1.2022,77500.0,78001.0,77500.0,76990.1,76249.57138071723,76922.03333333334,76570.1,74507.4,64.54404765597589,758.5534224346338,126.84033177812333,30.82291860878224,83.30556481172943,Buy
21.1.2022,78500.0,78500.0,78500.0,77115.1,76463.89791588702,77065.83333333333,76745.1,74785.2,69.86767652392228,848.7574397103162,217.77222862509097,31.263575084062577,100.0,Buy
20.1.2022,78800.0,78800.0,78750.0,77205.15,76686.38382865969,77226.3,77015.05000000002,75057.755,71.26174757743235,933.689277294281,199.9174824650231,31.88322649794909,100.0,Buy
18.1.2022,78800.0,78800.0,78800.0,77295.2,76887.68060688258,77378.19047619047,77285.00000000001,75322.315,71.26174757743235,989.5909816430503,163.6251159913388,32.458617096557994,100.0,Buy
17.1.2022,78999.0,78999.0,78800.0,77395.15,77088.75864432234,77540.45714285714,77584.85,75574.37500000001,72.24944770079537,1037.9858670257818,149.2069579868851,33.14189315035107,100.0,Buy
14.1.2022,78500.0,79000.0,78500.0,77470.0,77223.1625829583,77645.68095238095,77810.0,75814.92000000001,66.11343011745987,1024.2669211914326,108.17531430159079,33.23493304892275,87.5,Buy
13.1.2022,78100.0,78100.0,78000.0,77500.0,77306.67090839085,77705.68095238095,78000.0,76040.465,61.59738309813103,969.9370699401188,47.92720712240708,32.4818153862952,77.5,Buy
12.1.2022,77505.0,79000.0,77505.0,77500.25,77325.559393306,77706.15714285715,78240.54999999999,76249.5225,55.52197659762918,868.8531457980425,38.9062511225575,32.58266491024523,62.625,Buy
11.1.2022,79000.0,79000.0,79000.0,77550.25,77485.02992727686,77848.99047619048,78790.54999999999,76443.33,64.8917854898788,899.014138042301,113.20120655100476,32.676310896770254,100.0,Buy
10.1.2022,80000.0,80600.0,80000.0,77650.25,77724.55088658382,78082.3,79490.54999999999,76624.3875,69.51750464011774,992.1714494810585,174.57227574764443,33.849479367032544,89.28571428571429,Sell
05.1.2022,80000.0,80300.0,78500.0,77800.25,77941.26032595678,78306.08571428571,79840.54999999999,76797.695,69.51750464011774,1053.8511499019514,116.0734622571619,32.931568285433315,89.28571428571429,Sell
04.1.2022,78500.0,78500.0,78000.0,77875.25,77994.47362824662,78372.72857142857,79765.54999999999,76957.2525,56.554678856072975,970.5078821416537,28.32367779180011,31.531524794149338,62.5,Sell
03.1.2022,78000.0,78000.0,77900.0,77925.25,77994.999949366,78384.60952380953,79555.54999999999,77099.81000000001,53.00655694223124,854.2644913648692,0.09470582452801955,30.122482129858064,48.41269841269841,Sell
30.12.2021,78280.0,78280.0,78280.0,77989.25,78022.14281133114,78418.39523809524,79387.54999999999,77225.82,54.7197698172783,775.7915841595532,18.9039718451476,29.059889396023635,25.161290322580644,Sell
29.12.2021,76000.0,76000.0,76000.0,77939.25,77829.55778168056,78228.94285714286,78837.75,77331.80500000001,41.46395825838046,523.5886900908663,-140.16948752449173,27.993757778939134,0.0,Buy
28.12.2021,76000.0,76000.0,75002.0,77889.25,77655.31418342527,78044.25238095238,78387.75,77417.765,41.46395825838046,320.0270073864376,-145.79024998890785,27.661764425003405,17.827795641300465,Buy
27.12.2021,76000.0,76000.0,75000.0,77839.25,77497.66521357525,77864.3238095238,78017.75,77483.725,41.46395825838046,156.89432712072448,-130.49044937485075,27.35475228563089,17.857142857142858,Buy
24.12.2021,75000.0,75000.0,74500.0,77774.2,77259.7923360919,77593.91904761904,77581.8,77526.68000000001,36.60619987814413,-52.47622667286487,-156.88748346149433,27.390801487431506,8.19672131147541,Buy
23.12.2021,74000.0,74000.0,74000.0,77674.2,76949.33592313077,77234.47142857143,76681.8,77564.635,32.505091659751216,-295.68704543793865,-181.36790488699964,27.730476896036855,0.0,Buy
22.12.2021,74500.0,74500.0,74000.0,77599.2,76716.06583521355,76932.16666666667,75656.8,77598.84,36.34510786351343,-442.9811393942073,-144.6969476489291,27.47817834386279,7.575757575757576,Buy
21.12.2021,74000.0,74000.0,74000.0,77424.2,76457.39289852655,76589.38571428572,74631.8,77620.54500000001,34.246811300490066,-593.2203168312262,-131.29371873766428,27.243901116844018,0.0,Buy
20.12.2021,74000.0,74000.0,74000.0,77199.2,76223.35547961926,76263.27142857143,73956.8,77624.75,34.246811300490066,-704.1687285914959,-112.22107670612722,27.026357977469445,0.0,Buy
17.12.2021,74000.0,74000.0,74000.0,76959.2,76011.60733870315,75958.58571428571,73396.8,77612.4525,34.24681130049008,-783.0694075650244,-98.44695084401174,26.82435363376448,0.0,Buy
16.12.2021,74999.0,75000.0,74999.0,76769.15,75915.16854454095,75771.9,72930.65,77586.15,42.52690124840855,-756.2700032557914,-58.26085002135206,25.401322915657385,15.857142857142858,Buy
15.12.2021,75000.0,75000.0,75000.0,76569.2,75828.00963553706,75603.40952380952,72930.59999999999,77544.8525,42.53470211935594,-726.5750853126083,-52.77143390643656,24.079937248843652,22.22222222222222,Buy
14.12.2021,74700.0,75000.0,74500.0,76379.2,75720.5801464383,75425.39047619047,72860.59999999999,77490.3125,40.747848009078574,-718.9614021911548,-56.837682703118396,23.349829989776648,16.35514018691589,Buy
13.12.2021,74500.0,74500.0,74500.0,76199.2,75604.33441820607,75246.41904761904,72740.59999999999,77425.27249999999,39.55485227420249,-720.7573894641828,-60.346529391220216,22.67187324921443,11.682242990654206,Buy
10.12.2021,74061.0,74300.0,74061.0,76027.0,75457.35018790072,75042.78095238096,72725.0,77351.61,36.99455039490827,-748.9706855958793,-68.85562061826552,22.477404588491215,3.05,Buy
09.12.2021,74000.0,74000.0,74000.0,75777.0,75318.55493191018,74849.73333333334,72975.0,77262.9475,36.639661136415285,-767.40593828485,-70.9025199021348,22.35669293140455,0.0,Buy
07.12.2021,74000.0,74000.0,74000.0,75477.0,75192.97827172827,74680.49523809523,73175.0,77154.285,36.63966113641529,-773.1041455108643,-68.28232968969424,22.244603535538356,0.0,Buy
06.12.2021,74501.0,74501.0,74501.0,75202.05,75127.07557918271,74587.54285714286,73550.15000000001,77024.375,41.9445395290717,-728.7924372633279,-39.09922164286231,21.358116340393366,50.1,Buy
03.12.2021,74500.0,74500.0,74500.0,75002.05,75067.35409545102,74520.68095238095,73850.15000000001,76880.715,41.93699204550363,-685.8497320863244,-34.211916348646014,20.536204866729772,50.0,Sell
02.12.2021,74500.0,75000.0,74200.0,74827.05,75013.32037207474,74472.86666666667,74125.15000000001,76725.805,41.93699204550364,-644.3892111403984,-21.06509538495901,19.11089740908931,50.0,Sell
01.12.2021,75000.0,75100.0,75000.0,74663.05,75012.05176521048,74489.3380952381,74289.34999999999,76559.495,47.42306274308671,-564.6763903293322,55.23713193976123,17.929752421207244,90.9090909090909,Sell
30.11.2021,75000.0,75001.0,75000.0,74613.05,75010.90397804757,74521.42857142857,74339.34999999999,76393.185,47.42306274308671,-495.78826701204525,65.47153111394225,16.83297493245961,90.9090909090909,Sell
29.11.2021,75500.0,75500.0,75500.0,74588.05,75057.48455156684,74605.9,74524.34999999999,76228.125,52.615459925678294,-396.28004199695715,146.79734866333814,16.537938717981792,100.0,Sell
26.11.2021,75500.0,76000.0,75500.0,74563.05,75099.62887998905,74692.75238095238,74749.34999999999,76064.315,52.615459925678294,-313.8017455663503,172.97563325270642,16.89289033930824,75.0,Sell
25.11.2021,76999.0,76999.0,75900.0,74663.0,75280.52136760914,74924.74761904762,75237.0,75908.755,64.7273455482006,-126.02756180372671,247.65471374356588,18.222261566027097,100.0,Sell
24.11.2021,76000.0,76000.0,76000.0,74763.0,75349.04314212255,75052.08095238096,75537.0,75763.195,54.69365745537455,-57.16713222557155,143.3232382553553,19.456677705123177,66.68889629876625,Sell
23.11.2021,76000.0,76000.0,76000.0,74838.0,75411.03903334898,75169.89047619047,75862.0,75625.13500000001,54.69365745537455,-2.565175921015907,123.20112878671388,20.60292126285525,66.68889629876625,Sell
22.11.2021,76000.0,76000.0,76000.0,74938.0,75467.13055398241,75280.55714285714,76061.79999999999,75500.825,54.69365745537454,40.24336734802637,109.77451386015761,21.66729028074932,66.68889629876625,Sell
19.11.2021,76000.0,76001.0,76000.0,75038.0,75517.8800250317,75381.7,76261.79999999999,75392.765,54.69365745537454,73.32421045227966,98.19453911264515,22.656738731676004,66.68889629876625,Sell
18.11.2021,76000.0,76000.0,76000.0,75138.0,75563.79621312392,75473.31904761905,76461.79999999999,75301.705,54.69365745537454,98.40664638350427,85.82879085325479,23.575512293250785,66.68889629876625,Sell
17.11.2021,76000.0,76100.0,76000.0,75188.05,75605.33943092164,75555.41428571429,76611.74999999999,75222.65,54.69365745537454,116.936684262575,78.93309610484928,24.553401446140235,64.30868167202573,Sell
16.11.2021,76102.0,76103.0,76055.0,75243.15,75652.64043750054,75642.45714285714,76777.05000000002,75156.3475,55.78530444650424,138.25866055801453,75.11580011747338,25.465358928469907,67.95284030010718,Sell
15.11.2021,76000.0,76000.0,76000.0,75308.15,75685.72230059572,75714.5380952381,76812.05000000002,75102.795,54.37438487386942,145.25156323325064,61.25256817418874,26.145742657131013,64.30868167202573,Sell
12.11.2021,76000.0,77300.0,76000.0,75383.15,75715.6535100628,75780.42857142857,76837.05000000002,75061.99250000001,54.37438487386942,149.0750446656166,91.47841811929283,28.178174669120978,43.47826086956522,Sell
11.11.2021,77995.0,77995.0,77000.0,75579.85,75932.73412815205,76029.1761904762,76839.54999999999,75039.635,71.00766106031884,309.51708801387576,183.9847684342583,30.545270237861548,100.0,Sell
10.11.2021,77000.0,77000.0,76999.0,75729.85,76034.37849689947,76164.42857142857,76889.54999999999,75037.2775,59.380408385659216,352.31906399311265,119.49069539667032,32.740646250313446,60.120240480961925,Sell
09.11.2021,77000.0,77000.0,76999.0,75879.85,76126.3424495757,76285.39523809524,76939.54999999999,75057.42,59.380408385659216,381.8383435894648,116.58074504767607,34.77920969044735,60.120240480961925,Sell
08.11.2021,77000.0,77100.0,77000.0,76004.8,76209.54793056849,76392.07619047619,77014.59999999999,75097.5575,59.380408385659216,400.6145501838764,117.46475217746413,36.743782446489874,52.50596658711217,Sell
05.11.2021,77000.0,77000.0,77000.0,76129.8,76284.82908003815,76486.85714285714,77089.59999999999,75153.945,59.380408385659216,410.7598453768296,99.12287717614548,38.56802857710078,50.12531328320802,Sell
04.11.2021,78800.0,78800.0,78800.0,76344.8,76524.36916765357,76741.1619047619,77434.59999999999,75229.8325,70.95358534053891,557.6171581875387,240.45534950816264,41.20732823429105,100.0,Sell
03.11.2021,78800.0,78800.0,78000.0,76534.8,76741.09591359133,76974.99047619048,77804.59999999999,75323.42000000001,70.95358534053891,666.3216949117341,178.82699717669593,41.85525591025218,100.0,Sell
02.11.2021,78000.0,78000.0,78000.0,76684.8,76860.99154086836,77114.53333333334,78034.2,75427.00749999999,61.86768889995817,680.0779935428,115.58224630758613,42.45690303793038,71.42857142857143,Sell
01.11.2021,79053.0,79053.0,79053.0,76862.45,77069.75425126185,77340.07619047619,78467.15000000001,75540.72750000001,67.72596424676374,767.1055438259209,173.8266041083141,43.65487185450252,100.0,Sell
29.10.2021,79053.0,80001.0,79000.0,77040.1,77258.63479876073,77548.7,78900.1,75664.57999999999,67.72596424676374,826.5475784485752,167.82390664930873,45.200001639251845,76.30592351912021,Sell
28.10.2021,78003.0,78003.0,78000.0,77090.3,77329.52672268829,77640.40476190476,78851.49999999999,75785.94499999999,57.508582692436676,779.9389437119098,61.98675375398026,44.92972216710266,50.062484378905275,Sell
27.10.2021,79350.0,79350.0,79350.0,77257.8,77521.95274909893,77855.61428571428,79153.99999999999,75910.685,64.83732290674754,841.9870054571365,130.79532920169845,45.403556866408486,83.72906773306673,Sell
26.10.2021,77000.0,77000.0,77000.0,77307.8,77472.24296347046,77831.06190476191,79103.99999999999,76034.175,48.96890987562742,693.5404782722617,-20.681765290565316,43.18547048599392,24.993751562109473,Sell
25.10.2021,77000.0,79499.0,77000.0,77357.8,77427.26744313994,77801.74761904762,79053.99999999999,76155.165,48.968909875627425,569.3326238878362,28.553630711384834,42.468495982002864,0.033311125916055964,Sell
22.10.2021,78000.0,78000.0,76000.0,77457.8,77481.81340093614,77862.90952380952,79153.99999999999,76276.155,54.468404643963154,545.3027365622838,-10.165032574417525,40.98096148021063,49.98750312421895,Sell
21.10.2021,77000.0,77000.0,76000.0,77507.8,77435.92641037078,77819.30952380953,78743.99999999999,76394.64499999999,48.80430642083481,440.4895457908424,-62.30589535431583,39.599679442832134,24.993751562109473,Buy
20.10.2021,76000.0,76000.0,76000.0,77507.8,77299.171514145,77675.70952380952,78183.99999999999,76510.6325,43.88924535750455,273.57904537684226,-111.33275214129792,38.31706040812353,0.0,Buy
19.10.2021,75010.0,75500.0,75001.0,77453.2,77081.15517946452,77437.8238095238,77640.59999999999,76621.135,39.63369960641221,60.71664140149369,-161.84792086529643,36.28046993861931,0.18,Buy
18.10.2021,75000.0,75001.0,74800.0,77403.2,76882.94992427743,77204.18571428572,76880.00000000001,76725.8875,39.591940285751676,-107.54554566070146,-166.34282884106395,34.22737633770022,3.845414343395501,Buy
15.10.2021,74200.0,74200.0,73100.0,77313.2,76627.43088387007,76899.11904761905,75999.40000000001,76822.39000000001,36.297092749708376,-301.96696805232204,-206.10738790489935,32.46028801412267,15.939718881321548,Buy
14.10.2021,74000.0,74000.0,74000.0,77113.45,76377.19937112054,76583.57619047619,75398.55,76899.07,35.501662826998825,-466.804641230352,-166.32046055713658,30.81942028508637,13.041588175626721,Buy
13.10.2021,74000.0,74000.0,74000.0,76963.45,76150.79943101383,76287.05714285714,74478.55,76960.75,35.501662826998825,-590.6312553586467,-140.13584560857439,29.29575739383838,13.041588175626721,Buy
12.10.2021,74000.0,75000.0,74000.0,76813.45,75945.9613899649,76004.8238095238,74028.55,77007.43000000001,35.501662826998825,-680.9155683610588,-106.21517359622803,27.340357827082208,13.041588175626721,Buy
08.10.2021,75000.0,75000.0,75000.0,76713.45,75855.86982901586,75832.11428571428,73728.55,77042.8625,43.26589236059087,-664.1193398773758,-69.28880693293306,25.524629657951476,29.692139396780746,Buy
07.10.2021,75000.0,75000.0,75000.0,76613.45,75774.35841672865,75668.92857142857,73228.55,77067.045,43.26589236059086,-643.391590041123,-62.3309905967843,23.838596358044366,29.692139396780746,Buy
06.10.2021,75000.0,75100.0,75000.0,76423.45,75700.60999608782,75515.26666666666,73018.55,77070.97750000001,43.26589236059086,-619.8198021062708,-54.723229774483514,22.362994382574506,29.692139396780746,Buy
05.10.2021,75012.0,75013.0,75012.0,76234.05,75635.0280916985,75380.84285714285,73010.34999999999,77055.93999999999,43.36806780214364,-593.3311386005371,-50.17565242693406,20.99279254820964,29.8796686982341,Buy
04.10.2021,75010.0,75010.0,75010.0,76084.55,75575.50160677484,75264.26666666666,73159.84999999999,77025.9275,43.35405369482263,-565.9758479496086,-45.74685620711285,19.718266786867794,38.97959183673469,Buy
01.10.2021,75500.0,75500.0,75500.0,75906.9,75568.31097755818,75208.59523809524,73437.5,76978.15,47.80426989448105,-499.0054538732511,-19.642753681058835,19.03889140470459,61.53846153846154,Buy
30.9.2021,75500.0,75561.0,75500.0,75729.25,75561.80517017169,75169.84285714285,73875.15,76912.60750000001,47.804269894481045,-440.84910006557766,-11.364653860194899,18.47009603697911,82.75862068965517,Buy
29.9.2021,75502.0,75502.0,75500.0,75604.2,75556.10943967916,75148.2,74300.59999999999,76838.3025,47.8236737956083,-390.101539674215,-6.318612322186821,17.94192890980545,97.60260056887444,Buy
28.9.2021,75006.0,75500.0,75000.0,75387.0,75503.71806447161,75091.22857142857,74719.0,76744.7625,43.50428338637647,-385.4634050123277,-18.163693712702717,16.78323831563334,77.44819179195449,Sell
27.9.2021,74997.0,74998.0,74997.0,75286.85,75455.45920118861,75054.08571428571,75018.54999999999,76643.715,43.42763707831521,-378.1547421859141,-26.91187012487439,15.703359247452708,77.08248679398618,Sell
24.9.2021,75000.0,75000.0,75000.0,75186.85,75412.08213440875,75026.76666666666,75118.54999999999,76535.16750000001,43.46339336313987,-367.8798098611005,-17.765779360101607,14.70335629716713,64.06149903907752,Sell
23.9.2021,75000.0,75000.0,75000.0,75036.85,75372.83621684602,75008.97142857143,75268.54999999999,76414.12000000001,43.463393363139865,-355.6372867022292,-5.289895056977874,13.774782129044807,64.06149903907752,Sell
22.9.2021,75000.0,75000.0,75000.0,74936.85,75337.32800571782,75005.4619047619,75368.54999999999,76285.5725,43.463393363139865,-341.99271970649716,8.996760801131957,12.912534687216935,64.06149903907752,Sell
21.9.2021,75200.0,75200.0,74000.0,74896.85,75324.24914803042,75030.52380952382,75446.15,76155.025,46.29000394724394,-311.45076300378423,-17.341427274030274,13.292378627868974,76.87379884689302,Sell
20.9.2021,74000.0,75006.0,74000.0,74846.35,75198.13018155133,74945.10952380953,75294.65,76024.68250000001,34.987295024617,-379.699078829246,-90.30543321230743,13.645090858474441,0.0,Sell
17.9.2021,75000.0,76000.0,75000.0,74846.35,75179.2606404512,74959.74285714286,75194.65,75896.84,46.67280131221032,-349.07084674004,79.14919725943149,12.924729694720796,50.0,Sell
16.9.2021,76501.0,76501.0,76501.0,74961.4,75305.14057945585,75117.32857142857,75279.80000000002,75779.25000000001,58.678570941685976,-201.3584615221189,280.69304689975337,12.882281871804679,100.0,Sell
15.9.2021,76898.0,77000.0,76898.0,75106.3,75456.84147665054,75301.76666666666,75414.09999999999,75678.89249999999,61.1686774072729,-51.66518579272088,269.29200254227436,13.399422125355589,96.6,Sell
14.9.2021,77500.0,77900.0,77006.0,75281.3,75651.42800268382,75529.73809523809,75737.90000000001,75594.785,64.647653879254,114.22743975928461,260.14934765196,14.71957083845166,89.74358974358974,Sell
13.9.2021,77210.0,77499.0,77101.0,75441.8,75799.86343099964,75713.42380952381,76019.99999999999,75526.2025,61.77635893361096,219.76465419736633,187.32018699252492,15.94542321489801,82.3076923076923,Sell
10.9.2021,77499.0,77499.0,77200.0,75566.75,75961.68596138063,75909.34761904762,76394.85,75468.86750000001,63.51543561326849,323.0001965155534,158.26220633931896,17.083714707312478,89.71794871794872,Sell
09.9.2021,77003.0,77500.0,77000.0,75666.9,76060.85872696343,76046.13333333333,76695.30000000002,75421.54000000001,58.58859746009448,360.63487842847826,114.5838204652557,17.77090616149697,77.0,Sell
07.9.2021,77700.0,77700.0,77700.0,75801.9,76216.96741963358,76239.76190476191,77100.30000000002,75390.4625,62.939111968623855,441.61208074283786,129.496070593071,18.621364092985136,94.87179487179488,Sell
06.9.2021,77001.0,77500.0,77001.0,75901.35,76291.63718919229,76353.9619047619,77361.04999999999,75373.8275,56.52561281051124,444.26245770431706,81.12697196985647,18.184283956472335,76.94871794871794,Sell
03.9.2021,77000.0,77000.0,77000.0,76000.85,76359.10031403112,76458.59523809524,77861.54999999999,75369.6425,56.5167400442282,441.1963717601175,62.48257621400801,17.776784423161136,76.92307692307692,Sell
02.9.2021,77000.0,77000.0,77000.0,76075.85,76420.13837936148,76553.75238095238,78186.54999999999,75378.09,56.5167400442282,433.7662887923216,56.44534254058652,17.398391999372162,76.92307692307692,Sell
01.9.2021,78000.0,78000.0,78000.0,76200.85,76570.60139085088,76737.00476190477,78361.35,75401.67,63.21358957831114,502.7738729196426,106.86282532725895,18.24314796522997,100.0,Sell
31.8.2021,79997.0,79997.0,79997.0,76425.6,76896.9250679127,77098.54285714286,78756.4,75442.74,72.366308073082,710.4148704789986,195.4117976555043,20.50133628543472,100.0,Sell
30.8.2021,80000.0,80000.0,80000.0,76675.3,77192.45601382578,77438.9619047619,79006.7,75507.155,72.37742679067944,865.2399840029539,173.585770026697,22.59991384598078,100.0,Sell
27.8.2021,80000.0,80002.0,80000.0,76925.45,77459.84115536619,77755.6,79314.55,75589.085,72.37742679067944,976.6814264048735,159.60745695593204,24.549804216943475,99.94287346472437,Sell
26.8.2021,80900.0,80900.0,80000.0,77220.45,77787.4753310456,78134.12857142858,79699.75000000001,75690.765,75.76952445145402,1124.6576969316666,168.32190189757227,26.86356911027992,100.0,Sell
25.8.2021,82000.0,83000.0,80512.0,77570.45,78188.66815666031,78589.3238095238,80349.15000000001,75817.44499999999,79.14108382484424,1315.526197236919,188.07873371160704,29.816293173762933,83.33333333333333,Sell
24.8.2021,81372.0,81372.0,78000.0,77889.05,78491.84261793076,78951.37619047619,80764.95,75965.05500000001,72.90412842319004,1399.978427422102,101.57814307143816,29.530766165267377,72.86666666666666,Sell
23.8.2021,76500.0,76500.0,76499.0,77954.05,78302.14332098498,78819.08571428571,80599.74999999999,76117.91500000001,43.95999310564066,1061.540961870065,-62.32701538030324,28.01173570510439,0.015382248884786957,Sell
20.8.2021,76000.0,76000.0,75499.0,78054.05,78082.89157612926,78632.9857142857,80299.74999999999,76278.3,42.1121573925609,744.4000306042726,-98.1829520650849,26.124262769268093,6.679109452073057,Sell
19.8.2021,75500.0,75500.0,75001.0,78079.05,77836.90190221218,78389.74285714286,79974.74999999999,76439.93500000001,40.288386424103635,447.55855989056,-120.83209550094165,24.69869368205259,6.2382797849731215,Buy
18.8.2021,75090.0,75090.0,75000.0,78008.5,77575.29219723959,78105.07142857143,79463.29999999999,76592.29,38.80435922907089,177.18352089960536,-125.66466303945415,23.375625297259255,1.125,Buy
17.8.2021,74900.0,75010.0,74900.0,77908.6,77320.50246416914,77809.02380952382,78543.79999999999,76732.405,38.10389528024027,-51.82465518618119,-121.13367034175624,22.21889727576036,0.0,Buy
16.8.2021,75000.0,75003.0,75000.0,77783.6,77099.50222948637,77532.0142857143,77668.79999999999,76857.52,38.730767171402626,-222.67921302905597,-107.42862293410928,21.14479268436853,1.2345679012345678,Buy
13.8.2021,75001.0,75001.0,75000.0,77673.15,76899.6448742972,77267.00476190477,76779.45000000001,76969.0875,38.737448998576944,-353.92219466630195,-97.65719812012442,20.147409849504687,1.2469135802469136,Buy
12.8.2021,75000.0,75001.0,75000.0,77548.2,76718.72631484033,77012.41904761904,75724.40000000001,77068.16,38.7328999822691,-452.7943632463139,-88.34650816314596,19.221268645702548,1.2345679012345678,Buy
11.8.2021,75000.0,75000.0,75000.0,77448.05,76555.03809437934,76769.73333333334,74424.55,77157.2175,38.7328999822691,-525.0982632648665,-80.72294237592585,18.36128038502913,1.2345679012345678,Buy
10.8.2021,75000.0,75000.0,75000.0,77313.05,76406.93922824798,76536.58571428571,73285.15000000001,77232.775,38.7328999822691,-575.7625921880681,-73.81343627175427,17.56271985726096,1.2345679012345678,Buy
09.8.2021,75000.0,75001.0,75000.0,77213.0,76272.94501603389,76316.29523809523,73085.20000000001,77298.35750000001,38.732899982269096,-608.8954699234891,-67.6565481445381,16.819919458840054,1.2345679012345678,Buy
06.8.2021,75000.0,75000.0,74990.0,77113.0,76151.712157364,76105.53333333334,72985.20000000001,77353.965,38.732899982269096,-627.9152975518227,-62.472866030008596,16.142093630807295,1.2345679012345678,Buy
05.8.2021,74000.0,74000.0,74000.0,76963.0,75946.78718999602,75809.05714285714,72835.20000000001,77398.3225,33.10215164738494,-715.43322178995,-84.53382569182635,16.577040676261017,0.0,Buy
04.8.2021,74000.0,74000.0,74000.0,76763.0,75761.37888618688,75526.86666666667,72817.20000000001,77426.43000000001,33.10215164738494,-775.8483109019726,-78.40413883316066,16.9809200756109,0.0,Buy
03.8.2021,74000.0,74000.0,74000.0,76463.15,75593.62851607385,75263.72380952381,72937.05000000002,77428.3075,33.10215164738494,-814.3404939851607,-75.2226589433746,17.355950946435794,0.0,Buy
30.7.2021,75000.0,75000.0,74502.0,76213.15,75537.09246692396,75124.37619047619,73187.05000000002,77405.2,43.38215964045664,-755.445873962206,-45.60402714568017,16.231759057258074,66.66666666666667,Buy
29.7.2021,74500.0,74500.0,74500.0,75938.15,75438.32175578835,74961.21904761904,73361.85,77355.83499999999,40.066870488468794,-740.5803354944946,-56.11664724695809,15.190418286988022,45.87155963302752,Buy
28.7.2021,74500.0,74500.0,74500.0,75618.15,75348.9577790466,74824.25238095238,73581.85,77275.72,40.06687048846879,-720.493884153766,-55.76811217208736,14.223459000308688,49.504950495049506,Buy
27.7.2021,74500.0,74501.0,74500.0,75243.15,75268.10465723263,74717.76190476191,73856.85,77159.35500000001,40.06687048846879,-696.5458794377482,-60.73327093770849,13.324039688125108,49.85044865403788,Sell
26.7.2021,74500.0,74500.0,74500.0,74899.55,75194.95183273428,74646.9857142857,74100.45,77009.88,40.06687048846879,-669.8453529002727,-60.00619033134251,12.488864612526068,49.95004995004995,Sell
23.7.2021,74500.0,74500.0,74500.0,74799.55,75128.76594390244,74608.93333333333,74100.45,76852.155,40.06687048846879,-641.292571676895,-49.54183566170877,11.713344899469817,49.95004995004995,Sell
22.7.2021,74500.0,74500.0,74500.0,74724.55,75068.8834730546,74580.40476190476,74075.45,76685.68,40.06687048846878,-611.6139815824863,-41.14315452809933,10.99321945163187,49.95004995004995,Sell
21.7.2021,74500.0,74500.0,74500.0,74674.55,75014.70409466844,74559.01904761905,74225.45,76515.45499999999,40.06687048846878,-581.3915650517592,-35.07478407415204,10.324531535782347,49.95004995004995,Sell
20.7.2021,74500.0,74500.0,74500.0,74645.05,74965.68465708097,74542.39523809524,74354.95,76347.2825,40.06687048846878,-551.0874886809179,-30.5419262362864,9.703607042493504,49.95004995004995,Sell
19.7.2021,74500.0,74500.0,74500.0,74625.05,74921.33373735897,74528.58095238096,74474.95,76183.10500000001,40.06687048846878,-521.0647794025717,-26.82300647583806,9.127034298725293,50.0,Sell
16.7.2021,74501.0,74501.0,74500.0,74600.1,74881.30195284859,74516.76666666666,74400.1,76023.93,40.08471234484832,-491.5248814847582,-22.544762235145736,8.58907891087112,50.1,Sell
15.7.2021,74500.0,74500.0,74500.0,74575.05,74844.98748114872,74507.23333333334,74425.15000000001,75869.025,40.07186547490552,-462.8594357487309,-18.263901264354125,8.089548907863675,50.0,Sell
14.7.2021,74501.0,74999.0,74500.0,74550.1,74812.22676865837,74500.18095238095,74450.29999999999,75719.12000000001,40.09254231309838,-435.0462297077029,35.40485072740705,8.630289704276747,50.1,Sell
13.7.2021,75000.0,75000.0,75000.0,74550.1,74830.10993354805,74543.02857142857,74550.29999999999,75574.2225,49.46276798662857,-368.4911967159278,136.50379626540428,9.13461357990458,100.0,Sell
12.7.2021,75000.0,75000.0,75000.0,74550.1,74846.28993987682,74585.87619047619,74650.29999999999,75436.075,49.46276798662857,-312.14761022134917,136.50379626540428,9.602914321558996,100.0,Sell
09.7.2021,75000.0,75000.0,74998.0,74550.1,74860.92899322188,74628.72380952381,74750.29999999999,75302.93000000001,49.46276798662857,-264.44653692534484,136.36018871072895,10.030747539033843,100.0,Sell
08.7.2021,74999.0,75000.0,74995.0,74550.05,74874.07861291504,74671.47619047618,74850.15000000001,75174.7825,49.443411296744394,-224.1400374834484,135.87772369558454,10.416710468342426,99.8,Sell
07.7.2021,74000.0,75000.0,74000.0,74550.05,74790.83303073265,74619.09047619048,74750.15000000001,75054.135,34.794307769821756,-269.6988765248825,-74.11820150704189,11.279163028158111,0.0,Sell
06.7.2021,75000.0,75000.0,75000.0,74600.05,74810.7536944724,74661.94285714286,74800.15000000001,74945.9875,50.57892360960608,-222.54755239468068,117.15214806100182,12.080011833701247,100.0,Sell
05.7.2021,75000.0,75000.0,75000.0,74650.05,74828.7771521417,74700.03333333334,74850.15000000001,74855.3325,50.57892360960608,-183.06947733661218,102.6552941659473,12.82365715313416,100.0,Sell
02.7.2021,75000.0,75000.0,74052.0,74650.05,74845.08409003296,74733.3619047619,74949.95,74777.1775,50.57892360960608,-150.0530997003807,7.9943883998365735,15.070302223031304,100.0,Sell
01.7.2021,75500.0,75500.0,75500.0,74700.05,74907.45703383934,74814.30952380953,75099.95,74715.2725,57.06891896222662,-82.5895206440764,208.11213223604355,15.737720293024708,100.0,Sell
30.6.2021,76000.0,76000.0,76000.0,74775.05,75011.50874490225,74938.11428571428,75324.74999999999,74673.11750000001,62.38807178041034,11.09379081762745,251.3921625384218,15.210039393195817,100.0,Sell
29.6.2021,76000.0,76999.0,73000.0,74850.05,75105.65076919728,75054.77619047619,75449.74999999999,74653.4625,62.38807178041034,84.36597169711604,99.50224358188476,17.697562732708715,75.01875468867217,Sell
28.6.2021,73000.0,73000.0,72998.0,74775.05,74905.1126007023,74878.58095238096,75124.74999999999,74647.2375,33.50294619085422,-98.5047238724801,-286.6034182509481,20.008570861754894,0.04998750312421894,Sell
25.6.2021,72998.0,72998.0,72998.0,74699.95,74723.48282920684,74709.3380952381,74799.45,74642.2575,33.49181338119364,-240.8164685623633,-235.05084824920937,22.15450698158349,0.0,Sell
24.6.2021,72998.0,72998.0,72998.0,74624.85,74559.15113118714,74547.24761904762,74474.35,74637.2725,33.49181338119364,-349.5699270109908,-191.62040621509396,24.14716194999576,0.0,Buy
23.6.2021,72998.0,73000.0,72500.0,74549.75,74410.47007107409,74392.30952380953,74349.04999999999,74631.0325,33.49181338119364,-430.7919252027932,-172.97109504091443,26.326302193126946,11.069126472549456,Buy
22.6.2021,73000.0,73000.0,73000.0,74474.75,74276.13958811465,74244.71428571429,74024.04999999999,74622.5175,33.519404590427314,-489.3585400231241,-128.33541715795982,28.34978956174876,11.113580795732386,Buy
21.6.2021,73000.0,73000.0,73000.0,74399.75,74154.60248448467,74104.26190476191,73699.04999999999,74611.2525,33.519404590427314,-529.6673289561732,-108.3914905762471,30.22874211832616,11.113580795732386,Buy
17.6.2021,73000.0,73000.0,73000.0,74324.7,74044.64034310517,73970.95238095238,73374.09999999999,74597.48250000001,33.519404590427314,-555.2121940295765,-93.46080564089696,31.973483778005175,11.113580795732386,Buy
16.6.2021,72950.0,72950.0,72950.0,74247.2,73940.38888185707,73840.02857142857,72941.59999999999,74581.09,33.09076089521365,-572.8873767049954,-84.82578054430182,33.63341816329589,10.002222716159146,Buy
15.6.2021,72950.0,73000.0,72950.0,74169.65,73846.06613120402,73716.4857142857,72409.15,74562.0675,33.09076089521365,-580.2068232261372,-74.39154471440692,35.02992816270849,10.002222716159146,Buy
14.6.2021,75200.0,75200.0,75200.0,74179.65,73975.0122139465,73814.61428571428,72239.15,74543.54500000001,59.871958320403955,-399.8422092671826,67.24981621329083,32.9128377867714,60.013336296954876,Buy
11.6.2021,75202.0,75998.0,75000.0,74189.75,74091.86819357064,73911.98095238095,72669.45000000001,74525.5275,59.88732774667555,-253.81475150142796,77.3411190939752,31.825201428304663,60.05779062013781,Buy
10.6.2021,75000.0,75000.0,75000.0,74189.75,74178.35693704011,73989.14761904762,73069.85,74507.51,57.49222121482271,-152.62725893280003,52.39653266950503,30.81525338115698,55.567903978661924,Buy
09.6.2021,75000.0,75000.0,74010.0,74189.8,74256.60865732201,74066.31428571428,73470.2,74489.49750000001,57.49222121482271,-71.6099669325049,33.303038684948845,28.675093804090938,55.567903978661924,Sell
08.6.2021,74000.0,74000.0,74000.0,74189.8,74232.16973757706,74048.23809523809,73670.59999999999,74471.48500000002,46.7561247214874,-87.09089238032175,-8.0208679857014,26.699917614974304,42.88164665523156,Sell
07.6.2021,74000.0,74000.0,74000.0,74139.8,74210.0583339983,74030.1619047619,73920.59999999999,74448.4725,46.7561247214874,-98.22733377243276,-5.056131866560569,24.865825439366,42.88164665523156,Sell
04.6.2021,74000.0,74050.0,74000.0,74089.8,74190.05277837942,74016.84761904762,74170.59999999999,74420.45999999999,46.7561247214874,-105.83306610217551,-0.7490506218862136,23.091862159376753,42.88164665523156,Sell
03.6.2021,74052.0,74053.0,74045.0,74042.4,74176.90489472424,74013.24761904762,74428.4,74390.07749999998,47.39413674568652,-106.43775022259797,3.9264120225115136,21.444808253283576,44.36821040594626,Sell
02.6.2021,74004.0,74004.0,74001.0,73967.6,74160.43776189336,74009.59047619048,74714.0,74353.455,46.83622733296633,-109.527599602181,6.409305979330879,19.981544588921658,34.58005249343832,Sell
01.6.2021,74001.0,74999.0,74001.0,73867.65,74145.25321314162,74012.77142857143,75024.15,74308.085,46.7991471634482,-110.9395602317527,42.43967918243014,19.888828605740986,34.481627296587924,Sell
31.5.2021,74103.0,74110.0,74103.0,73772.8,74141.22909760432,74035.18571428572,74899.59999999999,74254.2225,48.297905269815125,-102.64477656279632,30.306517819464357,19.802735192787505,37.82808398950131,Sell
28.5.2021,74100.0,74100.0,74100.0,73827.8,74137.3025168801,74066.34761904762,74624.2,74206.86,48.25484669438585,-95.21558962487325,25.95496504576907,19.717027775766553,37.729658792650916,Sell
27.5.2021,74100.0,75002.0,74100.0,73882.9,74133.74989622485,74092.27142857143,74389.1,74166.00749999999,48.25484669438585,-88.30992362364486,50.7297910528645,20.686425355589247,37.729658792650916,Sell
26.5.2021,75005.0,75500.0,75000.0,73983.25,74216.72609658439,74199.1380952381,74289.75,74133.92749999999,60.557364005282494,-9.69938845319848,121.88819827852925,22.048228962144947,50.3003003003003,Sell
25.5.2021,75800.0,75800.0,75800.0,74123.35,74367.51408738588,74372.1619047619,74509.65,74112.6075,67.79981964567796,115.41939993906999,163.1926497289692,23.56724488045565,90.09009009009009,Sell
21.5.2021,75800.0,76800.0,74077.0,74263.35,74503.94131715865,74531.84285714285,74729.65,74102.0375,67.79981964567796,212.1316199052235,121.98608748432592,22.236306237563927,64.28571428571429,Sell
20.5.2021,74000.0,74000.0,73500.0,74313.35,74455.9469060007,74506.76190476191,74679.65,74097.7175,45.74380840500205,141.8961042672454,-50.09243548509785,20.955711445802088,15.151515151515152,Sell
19.5.2021,73001.0,73001.0,72999.0,74313.4,74317.38053400062,74381.77619047619,74469.4,74097.1525,38.29742093869387,5.5589213113853475,-134.4793906378881,20.286675932449793,0.052617732175743226,Sell
18.5.2021,73000.0,73000.0,73000.0,74315.9,74191.91572123865,74256.69047619047,74266.1,74100.5875,38.290701610857404,-101.40108153222536,-135.22874837043983,19.66542867005123,0.026308866087871613,Buy
17.5.2021,73000.0,73001.0,73000.0,74318.4,74078.39993826354,74131.36666666667,74063.4,74108.025,38.290701610857404,-184.04608567999094,-135.67939032404436,19.087152498009242,0.026308866087871613,Buy
14.5.2021,73000.0,73000.0,73000.0,74208.4,73975.69518223843,74005.80476190476,73952.80000000002,74109.4625,38.290701610857404,-246.69905376523093,-124.27752522941303,18.550181766827397,0.026308866087871613,Buy
12.5.2021,73000.0,73000.0,73000.0,74098.3,73882.77183154905,73890.71904761904,73842.90000000001,74104.89,38.290701610857404,-292.97475179479807,-118.10326042303073,18.051566087872825,0.026308866087871613,Buy
11.5.2021,73000.0,73000.0,73000.0,73998.3,73798.69832378248,73786.11904761905,73722.90000000001,74095.3175,38.290701610857404,-325.8918969541992,-108.01905182837612,17.588565814557864,0.026308866087871613,Buy
10.5.2021,73000.0,73000.0,73000.0,73898.3,73722.63181675557,73691.04285714286,73421.90000000001,74080.7425,38.290701610857404,-347.9678152761917,-94.00222417804416,17.15863698933683,0.026308866087871613,Buy
07.5.2021,73000.0,73000.0,73000.0,73848.3,73653.80973896933,73605.49047619048,72911.90000000001,74063.6675,38.290701610857404,-361.2983174911351,-82.92120957527429,16.7594173659173,0.026308866087871613,Buy
06.5.2021,72950.0,73000.0,72000.0,73795.8,73586.78024001987,73519.93809523809,72394.40000000001,74046.4675,37.7345940841755,-371.61368740323815,-101.52041006825203,17.750004583434965,19.791666666666668,Buy
05.5.2021,73500.0,73500.0,73492.0,73770.8,73578.51545525607,73491.76666666666,72319.40000000001,74030.5175,46.87457403021092,-331.5859722357418,-24.354027826493954,17.69964571712665,31.25,Buy
04.5.2021,73495.0,73495.0,73495.0,73742.95,73570.56160237454,73465.5,72446.05,74015.54500000001,46.80730671876615,-296.8453296146472,-22.198809777799188,17.6528839126975,31.145833333333332,Buy
29.4.2021,73500.0,73500.0,73399.0,73717.75,73563.84144976744,73442.3619047619,72571.25,74003.0525,46.88938584844192,-265.84516426063783,-22.481799605473356,17.743551512009216,31.25,Buy
28.4.2021,73001.0,73250.0,73001.0,73667.75,73510.23750217054,73374.1,72621.45000000001,73993.0575,40.21931223687908,-278.33397870681074,-51.98804456118133,18.359175449992964,50.05,Buy
27.4.2021,73000.0,73000.0,73000.0,73612.6,73461.64345434477,73310.50476190477,72676.6,73985.04750000002,40.20696864507506,-285.02653727622237,-55.46251479961404,18.932131940754097,66.66666666666667,Buy
26.4.2021,73000.0,73000.0,73000.0,73557.6,73417.67741107383,73252.1619047619,72731.6,73971.5375,40.20696864507506,-287.02182917790196,-51.996709069045586,19.464162967889433,66.66666666666667,Buy
23.4.2021,73000.0,73000.0,73000.0,73502.6,73377.89861001918,73199.05714285714,72786.6,73952.5225,40.20696864507506,-285.3141880276089,-49.094571540153126,19.95819177880082,66.66666666666667,Buy
22.4.2021,73000.0,73000.0,73000.0,73402.35,73341.90826620783,73151.19047619047,72886.85,73923.47750000001,40.20696864507506,-280.7248488012847,-45.29444352453135,20.41693281750425,66.66666666666667,Buy
21.4.2021,73000.0,73000.0,72557.0,73262.35,73309.34557418803,73112.87142857142,73026.85,73880.4275,40.20696864507506,-273.9300690792152,-65.85000074242392,21.520494448472885,66.66666666666667,Sell
20.4.2021,73000.0,73000.0,73000.0,73122.35,73279.88409093203,73087.88571428572,73176.85,73823.3775,40.20696864507507,-265.4848135239881,-32.68621925338421,22.545230248658047,66.66666666666667,Sell
19.4.2021,73000.0,73000.0,73000.0,73072.35,73253.22846322421,73076.23333333334,73126.85,73761.3275,40.20696864507506,-255.84269235080865,-26.137746004770214,23.49677063454427,66.66666666666667,Sell
16.4.2021,73250.0,73250.0,73000.0,73084.8,73252.9209905362,73093.15238095238,73065.40000000001,73699.89749999999,47.03406938358906,-225.42971772965393,50.28047720628742,23.572322466941824,83.33333333333333,Sell
15.4.2021,73390.0,73400.0,73000.0,73104.3,73265.97613429464,73122.21904761904,73023.90000000001,73639.3175,50.44627178683341,-187.86479781017988,82.59625579131762,23.188277751544668,92.66666666666667,Sell
14.4.2021,73200.0,73200.0,72000.0,73114.3,73259.69269293324,73131.33333333333,73053.7,73579.11250000002,46.10518749810488,-171.44937852499424,-110.57541138245485,24.398914556074907,80.0,Sell
13.4.2021,72000.0,72000.0,72000.0,73064.3,73139.72196027293,73025.20952380952,72903.7,73521.9075,29.082868841996827,-252.3609516944416,-357.5522440701883,25.5230773031387,0.0,Sell
12.4.2021,72000.0,72000.0,72000.0,73014.3,73031.1770116755,72923.84761904762,72753.7,73467.70749999999,29.082868841996827,-312.87730159421335,-255.32337649434663,26.566942711126504,0.0,Sell
09.4.2021,72001.0,72100.0,72001.0,72964.35,72933.06491532545,72827.34285714285,72603.85,73416.01000000001,29.108164924138322,-356.6450708707416,-186.1739764074716,27.21178787322911,0.07142857142857142,Buy
08.4.2021,72000.0,72000.0,72000.0,72914.35,72844.20159005636,72735.5,72453.85,73366.81250000001,29.09698767792375,-386.95149898344243,-155.02286069974713,27.812177980117944,0.0,Buy
07.4.2021,72000.0,72000.0,72000.0,72864.35,72763.80143862241,72648.41904761904,72303.85,73317.615,29.09698767792375,-406.2861478012783,-128.69650304400443,28.36968307937186,0.0,Buy
06.4.2021,72000.0,72002.0,72000.0,72816.85,72691.0584444679,72566.1,72151.35,73268.66750000001,29.09698767792375,-416.8043353616813,-111.84180742498486,28.879532059196077,0.0,Buy
05.4.2021,72001.0,72001.0,72001.0,72741.9,72625.33859261381,72488.4,72026.5,73217.2225,29.130976060050926,-420.21540156584524,-95.79283642069204,29.352963254747134,0.07142857142857142,Buy
02.4.2021,72500.0,72500.0,72500.0,72692.15,72613.40158379346,72465.3619047619,71926.25,73164.68250000001,43.64754219980667,-378.2928420213575,-22.320065750849814,27.95702172801694,35.714285714285715,Buy
01.4.2021,72500.0,72500.0,72500.0,72642.15,72602.60143295598,72447.06190476191,71798.25,73110.9025,43.64754219980667,-341.1365022982209,-16.47500692070091,26.660790310338903,35.714285714285715,Buy
31.3.2021,72001.0,72001.0,72000.0,72592.15,72545.30605838874,72386.0,71608.45000000001,73057.1225,35.268976660288274,-347.9440822610195,-81.84341759402515,26.620489176610757,0.07142857142857142,Buy
30.3.2021,72000.0,72000.0,72000.0,72542.15,72493.372148066,72329.60476190476,71658.45000000001,73003.6,35.25437147766432,-349.39225365909806,-74.47424460996483,26.58306669529176,0.0,Buy
29.3.2021,72000.0,72000.0,72000.0,72492.15,72446.38432444067,72277.97142857143,71708.45000000001,72950.3275,35.25437147766432,-346.5451827754441,-67.2022010956349,26.548317248352696,0.0,Buy
26.3.2021,72001.0,72001.0,72001.0,72442.2,72403.96676973204,72231.19523809524,71758.40000000001,72897.3075,35.28545179350064,-340.28556675233995,-60.96644574829419,26.511988843270537,0.08333333333333333,Buy
25.3.2021,72000.0,72000.0,72000.0,72392.2,72365.49374404327,72189.08095238096,71808.40000000001,72846.8,35.26721993750712,-331.5831830675452,-56.04536318361025,26.480819269131693,0.0,Buy
24.3.2021,73000.0,73000.0,72500.0,72392.2,72425.92291127724,72246.96666666666,72008.40000000001,72803.29250000001,58.40976975831391,-241.21427068694902,75.50595144129105,25.81795008180389,100.0,Sell
23.3.2021,72500.0,72700.0,72500.0,72367.2,72432.97787210798,72257.23333333334,72133.40000000001,72765.535,48.980740512343864,-207.549575566125,39.24570198163089,25.20242869357093,50.0,Sell
22.3.2021,72500.0,72502.0,72500.0,72342.2,72439.36093190721,72269.88095238095,72258.2,72729.0275,48.980740512343864,-178.80886485247174,34.98811083612544,24.630873118783178,50.0,Sell
19.3.2021,73000.0,73000.0,72700.0,72329.7,72492.75512886842,72332.52857142857,72370.7,72691.27249999999,57.02625868962969,-114.36746626082459,115.11138174252473,25.140686929261765,100.0,Sell
18.3.2021,72700.0,72700.0,72500.0,72295.2,72512.49273564285,72367.79523809523,72445.2,72650.81749999999,51.75286494295084,-86.50748199374357,78.87177737013357,24.948536938800363,70.0,Sell
17.3.2021,72500.0,72500.0,72001.0,72260.2,72511.30295129592,72387.3,72580.00000000001,72608.1125,48.53085631721036,-79.64843469625339,21.885127484285032,23.37362053900356,50.0,Sell
16.3.2021,72500.0,72500.0,72500.0,72285.2,72510.22647974393,72410.1380952381,72655.00000000001,72569.1575,48.53085631721036,-73.36686277147965,54.33241718501379,21.911198167763672,50.0,Sell
15.3.2021,72004.0,72004.0,72004.0,72285.4,72462.01443405403,72383.35714285714,72655.6,72532.7125,41.16042072950945,-107.17626524898515,-60.54991691611077,21.281523929330707,0.4,Sell
12.3.2021,72000.0,72000.0,72000.0,72285.35,72418.01305938221,72356.1761904762,72655.44999999998,72498.7625,41.106202471993214,-132.76281972280412,-60.759639473608175,20.705195406994477,0.0,Sell
11.3.2021,71500.0,71500.0,71500.0,72260.35,72330.58324420295,72281.38095238095,72580.44999999998,72466.06249999999,34.915030437019595,-191.18233881515334,-157.90739305848732,21.122283738989694,0.0,Sell
10.3.2021,72000.0,72000.0,71550.0,72260.35,72299.09912570743,72256.58571428571,72380.44999999998,72435.8625,43.99846567622724,-194.88786130839435,-79.76567199309576,20.226545161554146,33.333333333333336,Sell
09.3.2021,72000.0,72000.0,72000.0,72260.35,72270.61349468768,72231.79047619048,72280.44999999998,72408.0375,43.99846567622724,-195.57010415857076,-48.37092862908509,19.39478791107828,33.333333333333336,Sell
08.3.2021,72000.0,72000.0,72000.0,72260.3,72244.8407809079,72206.99523809523,72180.49999999999,72383.95749999999,43.99846567622724,-193.87590577441733,-48.35364046784943,18.622441892779257,33.333333333333336,Buy
05.3.2021,72000.0,72000.0,72000.0,72235.3,72221.52261129764,72182.20476190477,72005.49999999999,72361.11499999999,43.99846567622724,-190.33913033641875,-44.07625155888207,17.905263447215876,33.333333333333336,Buy
04.3.2021,71500.0,71500.0,71500.0,72185.3,72152.80617212644,72112.1761904762,71815.49999999999,72338.27249999999,37.04450881360796,-225.28508541676274,-137.7994784830511,18.28615569066299,0.0,Buy
03.3.2021,72000.0,72000.0,72000.0,72185.25,72138.25320335249,72094.52857142857,71715.54999999999,72317.9275,46.20143719811928,-210.21100366584142,-32.786655747114,17.343824973337473,33.333333333333336,Buy
02.3.2021,72000.0,72000.0,71000.0,72185.25,72125.08623160464,72076.88571428572,71615.54999999999,72300.08249999999,46.20143719811928,-196.00525866252428,-95.76472017985964,18.100935690529383,50.0,Buy
01.3.2021,71000.0,71001.0,71000.0,72135.25,72017.935161928,71964.00476190477,71464.75,72282.2375,34.54630575368965,-262.4138030768663,-199.40771797489063,18.803967070779013,0.0,Buy
26.2.2021,71000.0,71000.0,71000.0,72085.2,71920.9889560301,71855.88571428572,71314.8,72264.3875,34.54630575368965,-311.45281875105866,-173.60200641898186,19.456781923867958,0.0,Buy
25.2.2021,73000.0,73000.0,73000.0,72135.2,72023.75191259866,71943.00952380952,71564.8,72251.5375,58.70798550966779,-186.78022056131158,133.35188358254103,19.50314462130977,100.0,Buy
24.2.2021,72600.0,73500.0,72500.0,72115.2,72078.63268282736,71987.27619047619,71704.8,72237.6875,54.38405020299868,-118.88254140339268,113.0843892315388,19.54619569750574,64.0,Buy
23.2.2021,73000.0,73500.0,73000.0,72140.2,72166.38195112952,72071.54285714286,71879.8,72226.3375,57.736284512196605,-32.42273532351828,141.32525940643956,19.586171696830572,80.0,Sell
22.2.2021,73500.0,73500.0,73500.0,72190.2,72293.39319387908,72201.04761904762,72129.8,72218.7375,61.54090547202792,75.57195873136516,160.15683060767762,19.6232922676322,100.0,Sell
19.2.2021,74000.0,74000.0,74000.0,72240.2,72455.9271754144,72373.40952380952,72479.8,72214.2625,64.93983643300993,199.20800725035951,190.99813014345048,20.297623627624166,100.0,Sell
18.2.2021,74000.0,74000.0,74000.0,72305.2,72602.98173013685,72541.00952380952,72914.8,72214.7625,64.93983643300993,293.8036805088341,162.1647318330053,20.923788461902415,100.0,Sell
17.2.2021,74000.0,74500.0,74000.0,72380.2,72736.03108917143,72702.41904761904,73239.8,72220.7625,64.93983643300993,364.5689096371643,146.34323410643682,22.088289793212255,85.71428571428571,Sell
16.2.2021,74000.0,74000.0,74000.0,72455.2,72856.40908067892,72856.68571428572,73564.8,72229.2625,64.93983643300993,415.8571215224656,113.84955686744418,23.169612457999964,85.71428571428571,Sell
15.2.2021,74000.0,74000.0,74000.0,72555.0,72965.32250156664,73003.80952380953,74065.0,72242.74250000001,64.93983643300993,451.3010810163978,99.39893739175726,24.17369778958855,85.71428571428571,Sell
12.2.2021,74000.0,74000.0,73500.0,72655.0,73063.86321570315,73141.42857142857,74565.0,72261.225,64.93983643300993,473.92753268808883,78.65687466346918,23.874320863318903,85.71428571428571,Sell
11.2.2021,74000.0,74000.0,73501.0,72780.0,73153.0190999219,73269.52380952382,74640.0,72287.2075,64.93983643300993,486.25392607545655,71.63928652349622,23.596328003211372,85.71428571428571,Sell
10.2.2021,74000.0,74000.0,73500.0,72880.0,73233.6839475484,73385.71428571429,74820.0,72318.19,64.93983643300993,490.3700015091308,65.7672485962917,23.335694473414115,85.71428571428571,Sell
09.2.2021,73000.0,73500.0,73000.0,72930.0,73211.42833349617,73397.14285714286,74770.0,72351.6725,49.20506164950497,408.2345050368458,17.05532140716524,21.931689600696643,57.142857142857146,Sell
08.2.2021,73000.0,73000.0,73000.0,72980.0,73191.29230173462,73403.80952380953,74620.0,72387.6575,49.20506164950497,339.2310875154071,1.7645031939024673,20.627970790316134,25.0,Sell
05.2.2021,73000.0,73000.0,72600.0,73030.0,73173.0739872837,73405.71428571429,74370.0,72427.3925,49.20506164950497,281.3026995710825,-12.348412567414055,19.71944447436013,25.0,Sell
04.2.2021,73000.0,73000.0,73000.0,73105.0,73156.59075039954,73402.85714285714,74095.0,72473.3775,49.20506164950497,232.71148167087813,-8.498435792990431,18.875812895258125,21.05263157894737,Sell
03.2.2021,73000.0,73499.0,73000.0,73155.0,73141.67734559959,73392.85714285714,73845.0,72521.865,49.20506164950497,191.98945645937056,1.2679407925352,18.035552912572836,21.05263157894737,Buy
02.2.2021,73500.0,73500.0,73500.0,73230.0,73175.80331268534,73425.71428571429,73670.0,72574.10250000001,56.78814265882168,197.78286170438514,27.343324128931975,17.257304102913782,47.36842105263158,Buy
01.2.2021,73500.0,73500.0,73500.0,73355.0,73206.67918766769,73451.42857142857,73445.0,72635.09,56.78814265882167,200.0679186717898,17.003466091164764,16.53464449394466,47.36842105263158,Buy
29.1.2021,73500.0,73500.0,73500.0,73480.0,73234.6145031279,73465.23809523809,73220.0,72704.83,56.78814265882167,199.5782291884534,0.894374385117605,15.863603428473334,47.36842105263158,Buy
28.1.2021,74000.0,74000.0,74000.0,73530.0,73307.50835997287,73514.76190476191,73170.0,72774.56999999999,63.57908654661637,236.80621344865358,80.63087010455449,16.288015318893287,100.0,Buy
27.1.2021,74500.0,74500.0,74500.0,73625.0,73421.0789923564,73607.14285714286,73175.0,72850.06,68.85087259884902,303.1608311630698,149.27499074153144,17.49397272787451,100.0,Buy
26.1.2021,74500.0,74500.0,74500.0,73700.0,73523.83337403674,73690.47619047618,73400.0,72928.05,68.85087259884902,351.69324297735875,133.1023292907609,18.6137903219285,100.0,Buy
25.1.2021,74500.0,74500.0,74000.0,73750.0,73616.80162412848,73766.66666666667,73650.0,73006.04000000001,68.85087259884902,385.70931214265875,95.42035457034129,18.28139034853745,100.0,Buy
22.1.2021,74000.0,74000.0,74000.0,73750.0,73653.29670754483,73790.47619047618,73850.0,73081.53,58.30943532969768,368.0784909799404,42.26138266485931,17.972733230388616,73.6842105263158,Buy
21.1.2021,74500.0,74500.0,73010.0,73775.0,73733.93511635008,73861.90476190476,74125.0,73155.02,64.21050373518318,389.9565827643528,42.7527567423947,17.717339286347716,100.0,Buy
20.1.2021,73002.0,74994.0,73000.0,73725.1,73664.22701003104,73788.28571428571,74175.29999999999,73222.26499999998,44.07979929845386,283.1550127063965,-7.413111215989356,16.516420425574474,16.791979949874687,Buy
18.1.2021,73000.0,73000.0,73000.0,73675.1,73600.96729478998,73719.22857142857,74125.29999999999,73283.26,44.05993836544859,196.09218701762438,-103.75912666913062,15.401281483427892,16.70843776106934,Buy
15.1.2021,73000.0,73000.0,73000.0,73625.1,73543.73231433379,73654.93333333333,74075.29999999999,73336.765,44.05993836544859,125.64590265156585,-92.41139048773213,14.36579532286321,0.0,Buy
14.1.2021,73000.0,74000.0,73000.0,73575.1,73491.94828439724,73595.4,74025.29999999999,73382.76999999999,44.05993836544859,69.0210826764378,-38.1196076501673,14.93064751213535,0.0,Buy
13.1.2021,73499.0,73499.0,73499.0,73550.05,73492.6198763594,73588.15238095238,73950.15000000001,73421.27249999999,50.947225855003964,63.676610243783216,-10.78361263978309,15.45515311645948,25.025075225677032,Buy
12.1.2021,72001.0,73000.0,72000.0,73450.1,73350.56084051564,73440.62380952381,73550.29999999999,73449.7775,36.44202554701341,-60.73488935723435,-169.0382749024931,15.252662662347358,0.033400133600534405,Buy
11.1.2021,74000.0,74000.0,74000.0,73500.1,73412.41218903796,73492.99523809523,73400.29999999999,73478.2825,54.89642207556615,1.9482364751020214,65.64865017508151,14.630393926827077,66.8002672010688,Buy
08.1.2021,74500.0,74886.0,74500.0,73575.1,73515.99198055816,73588.22380952381,73325.29999999999,73508.0375,58.16816106956323,90.92278535824153,132.77190957317353,14.984935358046117,83.500334001336,Buy
05.1.2021,74000.0,74999.0,74000.0,73625.1,73562.08798240976,73628.69047619047,73275.29999999999,73537.79250000001,53.95341622935197,119.7099927697418,84.24140821458461,14.645791267363844,66.68889629876625,Buy
04.1.2021,73950.0,73999.0,73950.0,73672.6,73599.03198408503,73659.63333333333,73117.79999999999,73566.1725,53.53566872056199,136.9112522201176,31.15479562699701,14.265080274120463,65.0216738912971,Buy
30.12.2020,73000.0,74000.0,72753.0,73672.6,73541.98131893406,73595.57619047619,73117.4,73592.0525,46.21404817499301,73.04430447074992,-67.66275346851738,13.964643628941406,33.344448149383126,Buy
29.12.2020,73000.0,74000.0,72000.0,73647.6,73490.36405046415,73531.51904761905,73142.4,73612.9325,46.21404817499301,22.173683818458812,-93.93393786623972,14.374356878511097,33.344448149383126,Buy
28.12.2020,71000.0,71000.0,69000.0,73522.6,73253.18652184852,73279.36666666667,72867.4,73621.3125,34.645345907946194,-177.47906665063056,-317.138135606412,16.561782994487583,33.338889814969164,Buy
25.12.2020,68500.0,68500.0,68500.0,73272.6,72800.50209119628,72801.02380952382,72217.4,73610.9425,25.91311892636918,-531.3098077116156,-328.9864268200423,18.803226821485964,0.0,Buy
24.12.2020,67500.0,68000.0,67000.0,72947.6,72295.69236822521,72251.25238095238,71342.6,73581.8225,23.375187454569357,-882.2448919307644,-275.5288825472104,21.432736635721536,6.250781347668458,Buy
23.12.2020,67000.0,67000.0,67000.0,72572.6,71791.34071410852,71684.81428571428,70717.4,73529.2025,22.204205688443096,-1187.0259990320337,-215.17588405574682,23.874424320368853,0.0,Buy
22.12.2020,67500.0,67500.0,67500.0,72222.6,71382.64159847914,71201.70952380952,69767.4,73455.3325,26.186344781228527,-1372.4012140084524,-155.05407786615382,25.542384997868968,6.250781347668458,Buy
21.12.2020,67500.0,68000.0,67500.0,71872.6,71012.8662081478,70751.93809523809,68717.4,73361.4625,26.186344781228527,-1501.9983059243386,-123.16006456311214,26.51409324399955,6.250781347668458,Buy
18.12.2020,67899.0,67899.0,67200.0,71567.55,70716.30752165754,70373.5,67802.24999999999,73252.34,29.524971204074262,-1554.588639409165,-104.74031857430744,27.565249569669838,11.238904863107889,Buy
17.12.2020,67500.0,67500.0,67500.0,71217.55,70409.99251959492,69986.11428571428,66862.24999999999,73124.4675,28.153615935349023,-1609.904842117685,-94.81633873592182,28.54132330064939,6.250781347668458,Buy
16.12.2020,67500.0,67500.0,67500.0,70942.45,70132.85037487159,69632.06190476191,66037.34999999999,72985.335,28.15361593534901,-1634.8972534463828,-83.90807303313495,29.447677479416118,6.250781347668458,Buy
15.12.2020,67050.0,67050.0,67050.0,70644.95,69839.24557726477,69261.35238095238,65144.84999999999,72833.8275,26.54115465732643,-1671.7443306589412,-84.67503369567129,30.54238006067083,0.6250781347668458,Buy
14.12.2020,67001.0,67001.0,67000.0,70345.0,69568.93647466812,68914.30952380953,64645.0,72669.8225,26.364088273003603,-1685.4707378122694,-77.79668516135077,31.587143973166615,0.014285714285714285,Buy
11.12.2020,67100.0,67100.0,67100.0,70050.0,69333.79966755687,68605.26190476191,64660.0,72493.5675,27.417676648275034,-1669.1199657778343,-68.79305363508178,32.40129808116745,1.4285714285714286,Buy
10.12.2020,67100.0,67700.0,67100.0,69730.05,69121.05684207527,68324.30952380953,64899.95,72302.5675,27.417676648275034,-1637.2882216964063,-58.9202249544669,32.244188483260146,1.4285714285714286,Buy
09.12.2020,67700.0,68000.0,67699.0,69515.0,68985.71809521096,68130.97142857143,65255.0,72105.8125,34.050219696609176,-1545.827017966556,-43.030944424892084,31.671147953049964,17.5,Buy
07.12.2020,68999.0,68999.0,68999.0,69264.95,68986.98303852421,68081.82857142857,65804.84999999999,71894.05500000001,45.633315413852166,-1352.9291857797216,-7.851983834507228,29.88423911170842,100.0,Buy
04.12.2020,68999.0,68999.0,68999.0,68989.9,68988.1275110457,68056.5,66379.70000000001,71664.79500000001,45.633315413852166,-1186.3804091572238,0.025691678632715213,28.224966616176992,100.0,Buy
03.12.2020,68500.0,68500.0,68500.0,68714.9,68941.6391766604,68009.84285714285,66774.9,71419.285,42.321733504236704,-1082.1797390494903,-8.444467153782341,27.189082647296125,75.0375187593797,Sell
02.12.2020,68500.0,68500.0,68500.0,68442.4,68899.57830269275,67989.37619047619,67247.4,71157.775,42.321733504236704,-988.2085047593864,3.5263303442313485,26.227190390478178,75.0375187593797,Sell
01.12.2020,68500.0,68500.0,68500.0,68217.4,68861.52322624583,67994.8619047619,67672.4,70885.015,42.321733504236704,-903.3226829679043,20.77246206639223,25.33400472343294,75.0375187593797,Sell
30.11.2020,69500.0,69500.0,69500.0,68042.4,68922.33053803194,68117.0142857143,68337.4,70604.755,51.1878756890439,-746.7503418723645,128.65123263526567,23.838478553499556,100.0,Sell
27.11.2020,70000.0,70000.0,69998.0,67992.4,69024.96572488605,68303.45238095238,68987.20000000001,70328.245,54.91924599737651,-575.6836889699189,178.188275077843,22.989343558546977,100.0,Sell
26.11.2020,69998.0,69998.0,69998.0,68067.3,69117.63565584927,68494.4619047619,69491.90000000001,70067.98,54.9011673099521,-435.25615534013195,152.96376002975845,22.20086106323387,99.93333333333334,Sell
25.11.2020,69998.0,69998.0,69998.0,68192.2,69201.47987910172,68678.3380952381,69946.59999999999,69830.21,54.9011673099521,-320.27439930153196,130.59552339931008,21.46869874615741,99.93333333333334,Sell
24.11.2020,69998.0,70000.0,69998.0,68342.1,69277.33893823488,68850.31904761905,70256.29999999999,69618.685,54.9011673099521,-226.53912719947402,115.98827131113387,20.791315395954943,99.93333333333334,Sell
23.11.2020,69500.0,69990.0,69000.0,68442.1,69298.5447536411,68960.59523809524,70256.5,69429.66,49.80260440665848,-190.2446647012839,73.20460972065023,19.849530113146404,82.75862068965517,Sell
20.11.2020,69500.0,69500.0,69500.0,68542.1,69317.73096758004,69061.34761904762,70256.69999999998,69263.135,49.80260440665848,-159.64080189271772,66.4306774398357,18.97501520768133,82.75862068965517,Sell
19.11.2020,68500.0,68500.0,68500.0,68572.15,69239.8518278105,69057.3380952381,70226.65,69113.365,40.946830538075936,-213.61622787584201,-6.296538352218507,19.277997192085714,34.8109517601043,Sell
18.11.2020,68500.0,68500.0,68500.0,68622.15,69169.38974897141,69050.46666666666,70176.65,68983.595,40.946830538075936,-253.47029406914953,-10.42699674703565,19.559337606175497,0.0,Sell
17.11.2020,68500.0,68500.0,68500.0,68672.15,69105.63834430747,69038.83333333333,70126.65,68870.08,40.946830538075936,-281.8064394448884,-15.005006350741299,19.820582276401726,0.0,Sell
16.11.2020,68500.0,68500.0,68500.0,68744.65,69047.95850199247,69022.43809523809,69854.15,68775.065,40.946830538075936,-300.7956537484424,-22.5993375680776,20.06316661304037,0.0,Sell
13.11.2020,69000.0,69000.0,69000.0,68844.6,69043.39102561223,69046.75714285714,69554.19999999998,68700.045,47.254495952829515,-272.35933271849353,13.593766367716148,19.390408350675663,33.333333333333336,Sell
12.11.2020,69000.0,69000.0,69000.0,68939.6,69039.2585469825,69061.55714285714,69259.6,68644.525,47.254495952829515,-246.97635376091057,5.073199686518387,18.76570424990843,33.333333333333336,Sell
11.11.2020,69000.0,69000.0,69000.0,69034.6,69035.51963774607,69067.30952380953,68965.0,68609.7525,47.254495952829515,-224.27485909315874,-5.039125131172379,18.185621870624573,33.333333333333336,Sell
10.11.2020,69000.0,69000.0,68000.0,69099.6,69032.13681510359,69064.0142857143,68700.4,68588.9825,47.254495952829515,-203.93294892221456,-56.4819905116761,18.943313430694364,50.0,Buy
09.11.2020,68500.0,68500.0,68400.0,69074.65,68981.45711842705,69006.90952380952,68525.35,68579.4675,41.31831928601556,-225.55757258973608,-77.09267184773603,19.646884165044884,25.0,Buy
06.11.2020,66000.0,66000.0,66000.0,68924.7,68697.50882143399,68714.08571428571,67975.3,68576.20749999999,24.64671454325577,-439.3596843225241,-301.37923882609124,22.13712594248911,0.0,Buy
05.11.2020,66000.0,66000.0,66000.0,68799.7,68440.60321939267,68435.54285714286,67600.3,68580.4475,24.64671454325577,-601.8615133516578,-241.465532210453,24.449493307258745,0.0,Buy
04.11.2020,67000.0,67000.0,67000.0,68724.7,68303.40291278384,68264.14285714286,67375.3,68594.5625,36.52760523597592,-642.546860729446,-134.95214743336214,24.95676595508211,25.06265664160401,Buy
03.11.2020,67000.0,67000.0,67000.0,68649.7,68179.26930204252,68099.88571428572,67150.3,68616.17749999999,36.52760523597593,-667.1003737948922,-118.02159002112668,25.42780484234666,28.571428571428573,Buy
02.11.2020,69000.0,69000.0,69000.0,68624.7,68257.43413041942,68133.24761904762,67275.3,68645.29250000001,53.52451877990194,-519.191013674732,29.20563346855853,23.76637556127753,100.0,Buy
30.10.2020,69000.0,69000.0,69000.0,68574.7,68328.1546894271,68168.99047619048,67325.3,68674.4075,53.52451877990194,-397.39090516265424,34.644505425158016,22.223619800284776,100.0,Buy
29.10.2020,68000.0,68060.0,66000.0,68474.8,68296.90186186261,68114.25714285714,67225.2,68694.7825,46.330213625976896,-377.20687820686726,-81.41951837769354,22.73192232463737,66.66666666666667,Buy
28.10.2020,66300.0,66300.0,66000.0,68289.9,68106.72073216141,67907.13333333333,66870.1,68699.66750000001,37.18088188454332,-492.70706360384065,-137.65404110469777,23.203917525821925,10.0,Buy
27.10.2020,66000.0,68000.0,66000.0,68090.0,67906.08066243175,67689.04761904762,66470.0,68687.0625,35.83594784757274,-601.515390469227,-91.08889430762108,22.085318308479028,0.0,Buy
26.10.2020,68000.0,68000.0,68000.0,68015.0,67915.02536124777,67680.47619047618,66445.0,68665.70749999999,49.06408851734393,-520.3650438199402,0.5025240412076367,21.04661903523205,66.66666666666667,Buy
22.10.2020,68000.0,68000.0,67500.0,67940.0,67923.11818398608,67679.04761904762,66920.0,68635.60250000001,49.06408851734393,-450.85562643010053,-5.494505494505502,20.441098281117544,66.66666666666667,Buy
21.10.2020,68000.0,68000.0,67800.0,67915.0,67930.44026170169,67684.76190476191,67345.0,68602.745,49.06408851734393,-391.2587253249076,3.878841782784499,19.878829009439784,66.66666666666667,Sell
20.10.2020,69000.0,69000.0,69000.0,67940.0,68032.30309392058,67788.09523809524,67720.0,68568.6375,54.873862510680276,-260.33512787411746,79.32134570765658,18.461404379424128,100.0,Sell
19.10.2020,69000.0,69000.0,69000.0,67965.0,68124.46470402338,67889.04761904762,68095.0,68533.28,54.873862510680276,-154.79287770185329,75.85864320181659,17.145224365838164,100.0,Sell
16.10.2020,69000.0,69200.0,69000.0,67990.0,68207.84901792591,67987.61904761905,68070.0,68495.5475,54.873862510680276,-70.33905916003278,76.52085780756981,16.103807999263175,93.75,Sell
15.10.2020,69999.0,70000.0,69000.0,68039.95,68378.43482574249,68178.95238095238,68219.84999999999,68455.315,60.49593546005071,76.32235490162566,112.17134051906365,15.821069144015796,99.975,Sell
14.10.2020,69001.0,69001.0,69001.0,68040.0,68437.72674710034,68270.48095238095,68420.0,68410.33499999999,53.34574173283054,110.7457151504932,67.57386178957151,15.558525921286087,75.025,Sell
13.10.2020,69001.0,69001.0,69001.0,68040.05,68491.37181880507,68362.00476190477,68960.15000000001,68360.6075,53.34574173283054,136.4535248594184,67.56745436725662,15.314735785894214,75.025,Sell
09.10.2020,72000.0,72000.0,72000.0,68190.05,68825.52688368078,68739.14285714286,70010.15000000001,68315.13,66.95673583090615,394.27641252470494,220.58056333309364,17.066570513612284,100.0,Sell
08.10.2020,72000.0,72200.0,72000.0,68365.05,69127.85765666356,69101.99523809523,70635.15000000001,68279.65,66.95673583090615,591.7812229459378,185.33159301386104,18.788406652425206,96.7741935483871,Sell
07.10.2020,72260.0,74499.0,72260.0,68678.05,69426.1569274575,69472.94285714286,71174.15000000001,68267.3175,67.89839039205262,760.5182542110706,202.35896378109203,21.29113242169181,73.6557242028474,Sell
06.10.2020,68000.0,68000.0,67000.0,68778.05,69290.33245817584,69408.36666666667,71074.15000000001,68266.235,45.18006004889765,544.2236974619591,-55.440861077147886,19.808860758911912,23.532180256500766,Sell
05.10.2020,68500.0,69000.0,68500.0,68853.05,69215.06270025433,69381.88571428572,70899.15000000001,68272.6525,47.40445047375642,408.44621057918994,-10.210927773651209,18.902961344972713,20.002667022269637,Sell
02.10.2020,69000.0,69000.0,69000.0,68953.05,69194.58053832535,69395.88095238095,70799.15000000001,68287.82,49.60652227461962,337.29921988095157,2.5651887414104877,18.061769032029172,26.670222696359513,Sell
01.10.2020,71500.0,71500.0,70000.0,69078.05,69414.14429658008,69638.44761904761,71174.15000000001,68310.4875,58.877345622071644,477.1436092782824,103.92804816751737,18.349283049778283,60.00800106680891,Sell
30.9.2020,70000.0,70000.0,69800.0,69128.05,69469.94007785818,69726.25238095238,71124.34999999999,68338.155,52.62205215284804,461.6126481590618,42.400781694192624,18.496892038853137,40.005334044539275,Sell
29.9.2020,69989.0,69989.0,69500.0,69227.5,69519.3743561574,69808.24761904762,71222.5,68375.79000000001,52.577936865006166,443.30648035160266,30.94335141331064,18.44788561961325,39.8586478197093,Sell
28.9.2020,69500.0,69500.0,69500.0,69387.5,69517.52917938051,69834.2,71162.29999999999,68430.67000000001,50.54915167686536,384.90356847563817,6.085090124511357,18.402379658890492,33.33777837044939,Sell
25.9.2020,70000.0,70000.0,70000.0,69587.5,69563.47878134427,69892.53333333334,70562.29999999999,68505.54500000001,52.564641193155936,374.64597576968663,26.68866381428918,18.59575874604339,40.005334044539275,Buy
24.9.2020,70000.0,70000.0,69000.0,69687.5,69605.05223074005,69931.81904761905,70062.29999999999,68589.17000000001,52.564641193155936,362.3399304784689,1.6019625645522118,18.08697711039725,40.005334044539275,Buy
23.9.2020,70000.0,70000.0,69999.0,69787.5,69642.66630400291,69961.58095238096,69510.29999999999,68681.54500000001,52.564641193155936,348.56921202548256,16.927948575380313,17.614537020154405,40.005334044539275,Buy
22.9.2020,70000.0,70000.0,69000.0,69887.5,69676.69808457406,69981.81904761905,69810.29999999999,68780.17000000001,52.564641193155936,333.80788888396637,-12.388431553641086,16.50374238324062,40.005334044539275,Buy
21.9.2020,69000.0,69000.0,68000.0,69887.5,69612.25064794796,69897.29523809523,69910.29999999999,68877.54500000001,47.37082609217251,238.66659139264084,-82.92828484735114,15.78555692017646,26.670222696359513,Buy
18.9.2020,67800.0,67800.0,67001.0,69827.5,69439.6553481434,69698.4857142857,69730.29999999999,68970.67000000001,42.006937702200524,65.67934587787022,-149.65466562074465,15.668896003215215,10.668089078543806,Buy
17.9.2020,66110.0,66110.0,66000.0,69683.0,69122.54531498688,69344.43809523809,68796.79999999999,69055.32,35.85020184585561,-205.4152692220523,-208.54676574073372,16.060954417771107,2.0,Buy
16.9.2020,65000.0,65000.0,65000.0,69433.05,68729.9219516548,68898.43809523809,68046.74999999999,69124.975,32.48273699040499,-504.01742898156226,-212.89875878242,16.87951586343149,0.0,Buy
15.9.2020,66000.0,66000.0,64000.0,69283.0,68469.92938483054,68571.48095238095,67399.0,69187.125,38.121846360145724,-652.4491219101619,-163.54554150281675,17.639608634401842,26.666666666666668,Buy
14.9.2020,64000.0,64000.0,64000.0,69032.95,68044.22182437048,68068.3380952381,66549.05,69236.77,32.309623419486684,-920.85060073559,-177.64930271551214,18.3454090645886,0.0,Buy
11.9.2020,64880.0,64880.0,64000.0,68676.95,67742.86736490662,67672.81904761905,65881.05,69261.115,36.87039938371858,-1050.4432055049692,-134.28717977318274,18.258649282361738,14.666666666666666,Buy
10.9.2020,62999.0,62999.0,62999.0,68226.9,67291.07047301075,67132.06190476191,64930.899999999994,69254.20749999999,31.919750717139706,-1290.0562923698162,-157.2143315951379,18.715266936391185,0.0,Buy
09.9.2020,62999.0,63000.0,62998.0,67763.85,66882.30185653354,66634.16666666667,63993.75,69208.49750000001,31.919750717139706,-1463.0858471229585,-137.58863977333706,19.139269043704246,0.014281633818908884,Buy
07.9.2020,63000.0,63000.0,63000.0,67513.85,66512.55882257796,66180.46666666666,62843.75,69145.2875,31.92538644509142,-1581.8971980307106,-116.65252707420724,19.532985286209232,0.028563267637817767,Buy
04.9.2020,63000.0,63000.0,63000.0,67238.85,66178.02941090387,65750.57619047619,61918.75,69064.5775,31.92538644509142,-1656.9556957729073,-101.67788906239107,19.898578939963862,0.028563267637817767,Buy
03.9.2020,63300.0,63500.0,63000.0,66953.85,65903.93137177017,65375.44761904762,61303.75,68964.61750000001,33.831167377785704,-1672.9479011746444,-84.89271966259332,19.7263835419279,4.313053413310483,Buy
02.9.2020,63000.0,63000.0,62500.0,66528.85,65627.36647922063,64998.89047619048,61106.75,68837.1575,32.84104374286004,-1690.3440974161786,-87.13241801309752,19.909983486721863,6.666666666666667,Buy
01.9.2020,62500.0,62500.0,62500.0,66153.85,65329.522052628185,64615.19047619047,60981.75,68688.4475,31.20200801381425,-1724.5964551847283,-87.85511670673853,20.08046914974483,0.0,Buy
31.8.2020,62500.0,62500.0,62500.0,65779.4,65060.043761901696,64267.20476190476,60656.20000000001,68516.0425,31.20200801381425,-1731.7788271665195,-81.37726074207005,20.23877726540901,0.0,Buy
27.8.2020,62500.0,62500.0,61500.0,65429.4,64816.23007029201,63954.880952380954,60706.200000000004,68318.1375,31.20200801381425,-1717.6706704324097,-84.55078082696197,21.091118795084185,21.691973969631235,Buy
26.8.2020,62000.0,62000.0,62000.0,65029.4,64548.01768264515,63628.27142857143,60530.200000000004,68090.2325,29.371182518058106,-1726.9287166329523,-84.40338209406313,21.88257878692542,11.11111111111111,Buy
25.8.2020,62000.0,62000.0,61800.0,64629.4,64305.34933191704,63339.75714285715,60730.4,67837.32749999998,29.371182518058106,-1714.5020722985282,-82.21245318112392,22.756230892313145,11.11111111111111,Buy
24.8.2020,62000.0,62000.0,62000.0,64229.4,64085.79225268685,63089.3380952381,60930.6,67559.4225,29.371182518058106,-1685.227612238239,-77.2850542924826,23.567479275887454,14.792899408284024,Buy
21.8.2020,62000.0,62000.0,62000.0,63829.4,63887.145371478575,62877.014285714286,61130.6,67256.51749999999,29.371182518058106,-1643.0869086327366,-75.63636630213834,24.320781346349317,14.792899408284024,Sell
20.8.2020,62000.0,62000.0,62000.0,63479.4,63707.41724086157,62702.78571428572,61280.6,66936.1125,29.371182518058106,-1591.346050723776,-75.69242529724121,25.02027612606391,25.0,Sell
19.8.2020,64201.0,64201.0,64201.0,63299.45,63754.42512268428,62771.509523809524,61640.75,66609.70999999999,48.6015597198701,-1357.0949962284576,65.9287014286255,23.647991535121843,100.0,Sell
18.8.2020,64201.0,64201.0,64201.0,63204.0,63796.95606338102,62857.37142857143,61976.399999999994,66285.76,48.6015597198701,-1158.0994977352166,82.31240428790203,22.373727272104215,100.0,Sell
17.8.2020,64201.0,64201.0,64201.0,63164.05,63835.43643829711,62952.32380952381,62356.55,65972.31000000001,48.6015597198701,-988.9936285711665,90.78676570874839,21.19048188501642,100.0,Sell
14.8.2020,64201.0,64203.0,64201.0,63074.1,63870.25201560215,63051.08095238095,62786.700000000004,65661.865,48.6015597198701,-845.2326925757297,104.87045519610662,20.094026196859065,99.9260081391047,Sell
13.8.2020,66000.0,66000.0,66000.0,63174.1,64073.08515697337,63329.73809523809,63386.700000000004,65368.9225,60.44246575887918,-579.45722770664,218.66398529307327,20.73241113308406,100.0,Sell
12.8.2020,66000.0,66000.0,66000.0,63230.1,64256.60085630924,63598.87142857143,64130.700000000004,65096.579999999994,60.44246575887918,-364.6250859692518,193.01970733142082,21.325197145292982,100.0,Sell
11.8.2020,66000.0,66000.0,64850.0,63380.15,64422.63886999407,63862.671428571426,64780.65,64854.24250000001,60.44246575887918,-192.154033770792,137.22414758357485,20.451233823949906,100.0,Sell
10.8.2020,64250.0,65000.0,64250.0,63442.7,64406.19707285178,63945.514285714286,65168.100000000006,64638.185,47.22453148367874,-194.4384910652152,62.47763080742272,19.017114908300986,61.111111111111114,Sell
07.8.2020,65000.0,65000.0,64505.0,63542.7,64462.74973258018,64093.828571428574,65668.1,64439.6275,52.06292152333242,-134.1834249447129,72.61785319754844,17.685433058055562,76.19047619047619,Sell
06.8.2020,65000.0,65000.0,65000.0,63642.7,64513.916424715404,64232.619047619046,66168.1,64259.81999999999,52.06292152333242,-85.44588396774634,73.15516484280879,16.448871339970527,76.19047619047619,Sell
05.8.2020,65998.0,65998.0,65998.0,63777.6,64655.25771759965,64456.933333333334,66392.6,64101.00749999999,58.004599973557575,33.3250770138402,110.34402634601012,16.313675691816194,99.95,Sell
04.8.2020,65998.0,65999.0,65998.0,63927.5,64783.13793497111,64668.4,66602.1,63970.94,58.004599973557575,125.99947576564591,99.97815930413584,16.18907426596874,99.95,Sell
31.7.2020,66000.0,66000.0,66000.0,64102.5,64899.02956021196,64865.780952380956,66786.9,63868.3725,58.016694337539974,197.33127563368907,92.85693119303117,16.07438211723484,100.0,Sell
30.7.2020,66000.0,66000.0,66000.0,64277.5,65003.883887810814,65046.49523809524,66971.70000000001,63793.277500000004,58.01669433753997,250.96922395612637,86.64448005259024,15.96788226483908,100.0,Sell
29.7.2020,66000.0,66000.0,65051.0,64452.5,65098.75208897168,65210.54285714286,66796.70000000001,63744.432499999995,58.01669433753997,290.133209405838,64.74001355164363,15.045981874667516,100.0,Sell
28.7.2020,64112.0,65500.0,64112.0,64558.1,65004.77569954581,65178.114285714284,66313.5,63720.86750000001,43.310493595899004,166.90119561964093,1.5658490880856788,15.1659529055872,0.0,Sell
27.7.2020,65500.0,65500.0,65500.0,64733.1,65051.939918636686,65267.81904761905,66038.5,63726.052500000005,52.78578259260892,179.17353586555691,48.47606633105736,15.27735457715548,73.51694915254237,Sell
24.7.2020,65500.0,65500.0,64998.0,64908.1,65094.61230733796,65340.857142857145,66113.5,63759.9875,52.78578259260892,186.7467535982214,31.52394771573917,15.858870597179756,73.51694915254237,Sell
23.7.2020,65000.0,65000.0,65000.0,65058.1,65085.60161140101,65349.60952380952,65963.5,63821.4225,49.34036362689088,150.6659782765346,-3.6486827404765303,16.398849758630867,47.03389830508475,Sell
22.7.2020,65000.0,65000.0,64999.0,65208.1,65077.449076981866,65344.07619047619,65813.5,63907.8575,49.34036362689088,120.6805733575311,-20.6733608978153,16.901274502959392,47.03389830508475,Buy
21.7.2020,65000.0,65000.0,64999.0,65248.05,65070.07297441216,65324.25714285715,65573.95,64005.2875,49.34036362689088,95.81245755651616,-26.67814442850319,17.36781176555017,47.03389830508475,Buy
20.7.2020,66101.0,66101.0,66101.0,65343.05,65168.25650065863,65405.490476190476,65499.55,64112.240000000005,57.05038700563717,163.0660710166194,91.60368592683784,16.14300601270178,100.0,Buy
17.7.2020,66101.0,66999.0,66101.0,65438.05,65257.08921488162,65477.67619047619,65424.75,64225.93999999999,57.05038700563717,213.89934571024787,116.96659138191899,16.032488529960364,68.89504676134395,Buy
16.7.2020,66000.0,66000.0,66000.0,65528.0,65327.84262298813,65531.195238095235,65334.8,64348.634999999995,56.14135342565194,243.23140598917962,63.05396611690912,15.789476941234394,65.39660547280914,Buy
14.7.2020,66000.0,66000.0,66000.0,65528.0,65391.85761127497,65576.14761904762,65334.8,64466.329999999994,56.14135342565194,263.440497022646,63.05396611690912,15.563823323131706,65.39660547280914,Buy
13.7.2020,65000.0,65000.0,65000.0,65478.0,65354.537838772594,65525.86190476191,65562.4,64578.725,47.45814740197758,196.49957977511076,-62.95334536571579,14.873663984907529,30.75857291305854,Buy
10.7.2020,65000.0,65000.0,65000.0,65428.0,65320.77233031806,65480.3380952381,65512.399999999994,64681.11749999999,47.45814740197758,141.81368073757767,-56.981385101695615,14.232801742270793,30.75857291305854,Buy
09.7.2020,65000.0,65000.0,65000.0,65465.5,65290.22258457349,65439.57619047619,65374.899999999994,64782.25749999999,47.45814740197758,97.35249282227596,-63.20131459807522,13.63771537410811,30.75857291305854,Buy
08.7.2020,65000.0,65000.0,65000.0,65465.5,65262.58233842363,65395.24285714285,65374.899999999994,64878.3975,47.45814740197758,61.4087986684317,-65.39353430637038,13.085135175099905,30.75857291305854,Buy
07.7.2020,65000.0,65000.0,64700.0,65465.5,65237.574496668996,65350.909523809525,65374.899999999994,64969.5375,47.45814740197758,32.547969360792194,-77.55873615987053,12.9904925702501,13.049151805132666,Buy
06.7.2020,64500.0,64500.0,64500.0,65390.6,65167.329306510044,65258.95714285714,65349.799999999996,65050.1875,42.67747123155536,-30.32074840855057,-117.8628754872735,13.172288741885598,0.0,Buy
03.7.2020,64500.0,64500.0,64500.0,65315.7,65103.77413446147,65174.13809523809,65104.5,65119.597499999996,42.67747123155536,-79.23133072460769,-107.86445814324821,13.34109947268999,0.0,Buy
02.7.2020,64500.0,64500.0,64001.0,65240.7,65046.271835941334,65096.45238095238,64859.3,65176.50749999999,42.67747123155536,-116.64866637708474,-118.93124369373493,14.162517358419228,16.644429619746496,Buy
01.7.2020,65000.0,65000.0,65000.0,65190.7,65041.864994423115,65073.52857142857,64709.3,65222.1675,49.083529531352916,-104.74887332558137,-27.25295184900161,13.977811542329773,33.32221480987325,Buy
30.6.2020,65000.0,65000.0,65000.0,65140.7,65037.8778520971,65055.36666666667,64559.3,65256.5775,49.083529531352916,-94.23195428722101,-23.84657229243282,13.806298998818137,33.32221480987325,Buy
29.6.2020,65000.0,65000.0,65000.0,65185.1,65034.27043761167,65041.96666666667,64514.9,65287.92749999999,49.083529531352916,-84.91833447896352,-27.885269354346768,13.64703735127162,33.32221480987325,Buy
26.6.2020,65000.0,65000.0,65000.0,65160.1,65031.006586410556,65024.3380952381,64539.9,65309.277500000004,49.083529531352916,-76.65360859523935,-25.135738726002227,13.49915153569271,49.97498749374687,Buy
25.6.2020,65000.0,65000.0,65000.0,65135.1,65028.05357818098,65009.090476190475,64564.9,65320.6275,49.083529531352916,-69.30485061118088,-23.048479637652147,13.361828992655148,49.97498749374687,Buy
24.6.2020,66999.0,66999.0,66999.0,65235.05,65215.762761211365,65186.60476190476,64864.75,65329.475,69.08888921377306,96.70690963970264,220.96838233757626,14.61638093956233,100.0,Buy
23.6.2020,66999.0,66999.0,66000.0,65335.0,65385.59487919124,65354.6,65164.600000000006,65335.81999999999,69.08888921377306,225.67103052413586,143.65709142461955,14.190281960491932,100.0,Sell
22.6.2020,65900.0,65900.0,65900.0,65380.0,65434.58584307778,65408.409523809525,65399.600000000006,65342.417499999996,55.248129796081,236.47003086921177,54.776287498720194,13.654847739846957,63.3422281521014,Sell
19.6.2020,65900.0,65900.0,65900.0,65369.95,65478.911000879896,65457.933333333334,65689.65000000001,65343.7625,55.248129796081,242.23597095872537,56.94792355050831,13.157658820676625,63.3422281521014,Sell
18.6.2020,65900.0,65900.0,65900.0,65359.9,65519.01471508181,65508.41428571429,65979.70000000001,65339.855,55.24812979608101,243.9929215022712,62.76055428336651,12.695983395732744,63.3422281521014,Sell
17.6.2020,64000.0,64000.0,64000.0,65259.9,65374.346646978775,65378.9,65879.70000000001,65326.45,38.56560398639278,91.0219520249666,-136.9926079385763,13.592838110766333,0.0,Sell
16.6.2020,63500.0,63500.0,63001.0,65134.9,65195.837442504606,65211.29047619048,65704.70000000001,65306.795000000006,35.52551888636971,-69.75042522392323,-199.81581967329296,15.19961358119635,12.481240620310155,Sell
15.6.2020,63500.0,64603.0,63001.0,65059.9,65034.32911464702,65055.58571428571,65479.700000000004,65285.89,35.52551888636971,-194.91681280953344,-142.8966554330756,15.262459106802506,12.481240620310155,Buy
12.6.2020,65500.0,65500.0,65000.0,65084.9,65078.678722775876,65097.5,65554.70000000001,65268.73500000001,52.78986703044723,-131.2162126237963,29.64762345663089,14.374978886857093,62.50625312656328,Buy
11.6.2020,65500.0,66001.0,65500.0,65109.9,65118.80455870198,65137.03333333333,65629.70000000001,65250.955,52.78986703044722,-79.81299353099166,57.43781985544916,13.617151677121614,62.50625312656328,Sell
10.6.2020,66150.0,66150.0,66101.0,65167.4,65217.01364834941,65236.090476190475,65402.4,65236.05,57.11790490697859,13.221585456602043,89.76301493820603,13.051968874983702,78.76438219109555,Sell
09.6.2020,66510.0,66510.0,66510.0,65242.9,65340.15520564947,65363.95714285714,65229.1,65224.920000000006,59.341137404685156,114.6792004986637,107.07041807731629,12.862708218522332,87.76888444222111,Sell
08.6.2020,67500.0,67500.0,67500.0,65392.9,65545.85470987333,65578.91904761904,65399.1,65225.034999999996,64.75301793971286,271.8362584319184,160.43246390122195,13.509805252334447,100.0,Sell
04.6.2020,67498.0,67498.0,67498.0,65542.8,65731.77330893301,65779.40476190476,65568.8,65236.39,64.73427202103495,391.70761426643,139.0998272277378,14.108245735762791,99.95554567681707,Sell
03.6.2020,67500.0,67500.0,67500.0,65692.8,65900.1758509394,65965.80476190476,65738.8,65258.99500000001,64.74526331625626,481.3195584186469,124.8262402848628,14.665620233280652,100.0,Sell
02.6.2020,67500.0,68000.0,67500.0,65817.8,66052.54005561184,66137.91904761904,66313.8,65290.35,64.74526331625626,546.0432233992324,120.62980425032325,15.601391767315608,89.99799959991998,Sell
01.6.2020,67800.0,68000.0,67800.0,65957.8,66218.96481222023,66326.7,67033.8,65331.204999999994,66.55845207200024,614.461556664377,118.56218022021557,16.470322477490924,95.999199839968,Sell
29.5.2020,68000.0,68000.0,67500.0,66107.8,66388.58721105641,66521.19523809524,67783.8,65377.340000000004,67.74930477643873,677.0176689756336,103.27123629556964,16.824647230523887,100.0,Sell
28.5.2020,68000.0,68000.0,68000.0,66257.8,66542.0550957177,66701.40476190476,68133.8,65432.225,67.74930477643873,718.3135670089541,100.9648214217209,17.15366307262592,100.0,Sell
27.5.2020,68000.0,68000.0,66500.0,66407.8,66680.90699136363,66867.32857142857,68483.8,65495.86,67.74930477643872,742.4819934793923,65.68260032311167,16.33469589434019,100.0,Sell
26.5.2020,67000.0,67560.0,67000.0,66407.85,66711.29680170995,66923.72857142857,68653.75,65554.5,55.42409451884386,673.1839573126053,46.574049621839734,15.574226371646295,79.99599919983997,Sell
22.5.2020,67553.0,68000.0,67552.0,66435.55,66791.45901107091,67032.79047619048,68834.65000000001,65609.5275,59.7814746715579,655.3329721983173,70.46882426811514,14.588540743104884,85.1,Sell
21.5.2020,68000.0,68200.0,68000.0,66540.55,66906.55815287368,67181.78571428571,68829.65000000001,65667.55500000001,62.9354017600358,669.5370952888479,82.21238588593458,13.907669349487344,92.5925925925926,Sell
20.5.2020,69000.0,69000.0,69000.0,66695.55,67105.93356688571,67416.01904761905,68975.05,65733.83499999999,68.82526758520649,752.8077091598971,118.3864302088094,14.128657240238386,100.0,Sell
19.5.2020,69000.0,69000.0,69000.0,66850.55,67286.32084622992,67635.49047619048,69120.05,65808.36750000001,68.82526758520649,809.4692133704375,108.01207018389978,14.333860281650066,100.0,Sell
18.5.2020,69000.0,69000.0,69000.0,67100.55,67449.5283846842,67840.2,69170.05,65900.40000000001,68.82526758520649,844.6374093944178,106.26236188707871,14.524405962960913,100.0,Sell
15.5.2020,69900.0,69900.0,69000.0,67420.55,67682.9066337619,68106.81428571428,69270.05,66014.6825,73.54991806395697,934.3602135796391,146.5527351930971,15.59193479599311,100.0,Sell
14.5.2020,69900.0,69900.0,68500.0,67740.55,67894.05838292744,68342.95238095238,69330.05,66148.715,73.54991806395697,994.0078782423807,135.90884441743853,15.820584131758695,100.0,Sell
13.5.2020,68499.0,68499.0,68499.0,67890.5,67951.67187026769,68415.18571428572,69279.9,66288.995,57.74916879847914,917.651970177656,55.18195464551945,16.031394513836695,58.794117647058826,Sell
12.5.2020,68000.0,68000.0,68000.0,68015.5,67956.27454928981,68425.61428571428,69154.9,66434.275,53.35274686418191,807.5651251676609,2.462823652548919,15.488060935854751,44.11764705882353,Buy
11.5.2020,67001.0,67001.0,67001.0,68058.05,67865.29602078602,68328.99523809523,69112.55,66578.80750000001,45.83034723114695,632.4194189613336,-104.77522230548733,15.00463749032465,14.735294117647058,Buy
08.5.2020,67001.0,67001.0,67001.0,68082.6,67782.98211404448,68228.3238095238,68977.6,66720.79250000001,45.83034723114695,487.98994066337764,-110.23105453352589,14.555744290903842,14.735294117647058,Buy
07.5.2020,68000.0,68000.0,67990.0,68107.6,67803.65048413549,68220.45714285714,68952.6,66856.5275,53.44327045038912,448.96411076425284,-7.710693055661534,14.096634465694464,44.11764705882353,Buy
06.5.2020,68000.0,68000.0,68000.0,68132.7,67822.35043802735,68210.20952380952,68727.50000000001,66986.02249999999,53.44327045038912,413.2719179855776,-10.333006127669522,13.670318199428616,34.48275862068966,Buy
05.5.2020,67899.0,67899.0,67000.0,68152.65,67829.65039631046,68187.95238095238,68487.35,67109.015,52.57687645884861,372.54131774033885,-55.85886555830949,13.290923950878078,31.0,Buy
04.5.2020,67999.0,72700.0,67900.0,68177.6,67845.77892999518,68173.31904761905,68262.19999999998,67227.00499999999,53.38268701390773,344.36160167653,132.96675624687984,15.15646594213728,17.526315789473685,Buy
30.4.2020,70005.0,72501.0,70000.0,68287.85,68051.41903190041,68347.35714285714,68172.94999999998,67343.5075,65.90003532894099,478.3819198410347,203.2758358580098,16.888754934020827,52.719298245614034,Buy
29.4.2020,70000.0,70000.0,69457.0,68387.85,68236.99817171942,68510.41904761904,68092.94999999998,67457.51000000001,65.85257162804812,577.5330874076317,104.90742605547756,17.9529916721451,52.63157894736842,Buy
28.4.2020,67501.0,67506.0,67421.0,68362.9,68166.90310774614,68425.95714285714,67918.30000000002,67562.765,47.45566055275571,449.28362510330044,-69.30562391220433,17.239118096589475,8.789473684210526,Buy
27.4.2020,66000.0,66000.0,64346.0,68262.9,67960.53138319889,68200.91904761904,67618.30000000002,67655.51999999999,40.19263221989404,223.9453440944635,-192.07454200036298,17.191741684259117,19.798898731146757,Buy
24.4.2020,63001.0,63001.0,61700.0,68062.95,67488.19506098947,67699.78571428571,67018.25000000001,67738.275,30.235619814954617,-194.39029309587204,-305.9542346333154,18.184358599650363,11.827272727272728,Buy
23.4.2020,60500.0,60990.0,60500.0,67710.3,66822.65267422856,66979.50476190477,66070.7,67802.0125,24.732877718117777,-719.4408317139751,-288.3319573889238,19.491532357358686,0.0,Buy
22.4.2020,58731.0,58731.0,56900.0,67246.85,66052.0190862068,66124.33333333333,64680.350000000006,67837.3275,21.72159933756278,-1263.7232670220255,-268.9870162595739,21.621383296859324,11.58860759493671,Buy
21.4.2020,57000.0,57000.0,57000.0,66646.85,65189.92203037758,65148.44285714286,63080.34999999999,67834.8925,19.251599158507375,-1813.8394397902011,-218.74396025528495,23.59910202639563,0.6329113924050633,Buy
16.4.2020,57000.0,57000.0,55000.0,66046.85,64409.92945605591,64229.695238095235,61500.54999999999,67794.70749999999,19.251599158507375,-2224.171604326053,-179.7197111371286,25.85237495922833,11.299435028248588,Buy
15.4.2020,55200.0,56000.0,55200.0,65356.85,63532.79331738391,63196.6619047619,59630.75000000001,67707.52249999999,16.929907339103707,-2663.89997706125,-157.2704401612235,27.944699825430128,1.1299435028248588,Buy
14.4.2020,56500.0,57000.0,56499.0,64686.85,62863.003477633065,62353.15238095238,57599.75000000001,67570.8375,24.05352965472504,-2874.354970206361,-116.30834785977132,29.194093985151888,8.474576271186441,Buy
13.4.2020,56000.0,57500.0,56000.0,63991.85,62209.38409881087,61525.833333333336,55494.75000000001,67383.4025,23.228464899070502,-3046.3712187365018,-102.62318850460309,30.015612045109037,5.649717514124294,Buy
10.4.2020,57000.0,57700.0,57000.0,63416.9,61713.2522798765,60859.94285714286,53969.49999999999,67159.7225,28.510102226561173,-3066.653222926936,-82.05127867411574,30.639286533156774,11.299435028248588,Buy
09.4.2020,53625.0,56499.0,53625.0,62698.15,60942.94253893588,59927.380952380954,52213.24999999999,66893.85500000001,22.807169985349333,-3316.826836205175,-103.6750776691672,32.098078484444784,0.0,Buy
08.4.2020,54350.0,56500.0,52601.0,62065.6,60315.043249513416,59132.31904761905,51115.6,66594.2325,26.221294686387225,-3417.198449614567,-93.78312449009908,33.66815333825733,10.05230185642853,Buy
07.4.2020,56650.0,56650.0,54781.0,61548.05,59965.99151146452,58616.54761904762,50863.149999999994,66267.50499999999,35.90615294471921,-3273.418962119198,-68.1161954205679,35.020084933014914,27.165380744716536,Buy
06.4.2020,54000.0,54771.0,51134.0,60848.05,59397.801843705995,57897.68571428571,50616.95,65904.5275,30.876948069855402,-3334.8633071057993,-93.22306576786846,36.957362908434625,19.278891430108974,Buy
03.4.2020,50000.0,50900.0,49509.0,59948.05,58502.773096686375,56864.538095238095,50116.95,65495.295000000006,25.150601506684254,-3664.0876422707297,-121.59156068574771,38.99455314444186,3.6391935962051587,Buy
02.4.2020,46351.0,46351.0,46351.0,58870.65,57345.46137319243,55569.58095238095,49064.549999999996,65031.19499999999,21.27445442638539,-4171.359270764391,-155.69037716039637,41.270183004114706,0.0,Buy
01.4.2020,46351.0,47431.0,46300.0,57788.25,56298.36981384078,54377.23333333333,48377.149999999994,64511.7275,21.274454426385404,-4521.2574495470035,-146.614760617497,42.7213787973202,0.41026466092832437,Buy
31.3.2020,49557.0,51089.0,49557.0,56765.85,55656.33459347499,53593.304761904765,48010.950000000004,63935.6275,31.959542756319806,-4488.120610136844,-100.39641800856059,42.162680466139854,28.57017543859649,Buy
30.3.2020,47499.0,47500.0,45001.0,55640.8,54879.445584572604,52710.747619047615,47435.8,63298.275,29.218089827501387,-4575.182965469205,-139.78797848451612,42.48717846412351,19.670840223639658,Buy
27.3.2020,43258.0,44378.0,43258.0,54428.65,53772.64124318474,51531.433333333334,45899.549999999996,62601.5625,24.545481510792484,-4929.568765624535,-163.37375274831018,43.05315196052522,0.0,Buy
26.3.2020,47379.0,51500.0,47379.0,53497.6,53163.7230295481,50860.038095238095,45581.4,61863.29750000001,35.36257599834231,-4822.303295482707,-74.74688764007699,41.06190648201385,28.53482897105664,Buy
25.3.2020,52660.0,52660.0,51862.0,52980.55,53115.74940768638,50780.26666666667,45760.45,61109.177500000005,46.038544073254734,-4262.032020636732,-11.067097740441996,38.888193306143656,65.1017864561695,Sell
24.3.2020,52000.0,52000.0,49035.0,52555.55,53009.4875593353,50686.880952380954,45255.45,60351.44,45.03737201883736,-3827.152451790047,-27.771161214940534,37.468927915875724,60.531782301620275,Sell
23.3.2020,51345.0,51345.0,51345.0,52186.25,52850.9649346367,50571.590476190475,45093.75,59598.409999999996,44.014399500962504,-3495.071280166121,-16.69328888144685,36.151038624912644,60.38679808841099,Sell
20.3.2020,53683.0,54771.0,52163.0,52020.4,52930.2063694332,50714.13809523809,45996.200000000004,58867.0875,48.510133255603066,-3008.556729404736,29.121037437983677,33.93646417020235,77.84498207885305,Sell
19.3.2020,52163.0,52163.0,52163.0,51778.55,52857.13909615385,50727.719047619044,47400.45,58153.67250000001,45.927961214425444,-2714.35237505431,6.50625677735087,31.880073605114216,66.49492234169654,Sell
18.3.2020,54908.0,54908.0,54908.0,51763.95,53052.45918223444,51025.76190476191,49126.45,57474.027500000004,51.00052564611123,-2233.9432384543543,64.78472693955379,29.96919473485633,100.0,Sell
17.3.2020,55879.0,58000.0,55879.0,51732.9,53321.65354583116,51417.671428571426,50421.9,56826.33,52.691193832365975,-1754.6375817056178,100.21836872518388,28.912960718139733,85.61253561253561,Sell
16.3.2020,58707.0,59999.0,58707.0,51868.25,53834.543684323435,52081.87142857143,52528.149999999994,56220.15,57.311038828091284,-1133.5218952875948,145.6367110072703,28.348473074665172,92.28242040499373,Sell
13.3.2020,64000.0,67200.0,64000.0,52218.25,54802.68238105453,53237.276190476194,56326.55,55660.217500000006,64.33165927363383,-211.74154957219434,231.7503103817772,29.01178477045455,86.63436638543146,Sell
12.3.2020,65251.0,65251.0,65251.0,52799.55,55797.760249525534,54478.490476190476,59319.649999999994,55165.2875,65.76474944592579,612.6589098865588,194.49135261331114,29.627717059401828,91.85949377662685,Sell
11.3.2020,72500.0,72500.0,72500.0,53707.05,57388.44974957072,56354.723809523806,62380.149999999994,54747.36,72.62765585244519,1829.8426441076736,235.3347203181121,31.07833556296205,100.0,Sell
10.3.2020,72535.0,73999.0,72534.0,54501.3,58830.9783448497,58147.86190476191,65692.9,54395.0225,72.65615741949344,2765.4157390774053,191.36599021725542,32.57580847902009,95.2376305260076,Sell
09.3.2020,70002.0,73000.0,70002.0,55301.4,59894.885169149726,59624.119047619046,68624.20000000001,54117.69,67.20242854665787,3264.8372153177625,139.57574606667308,33.1941549826388,84.98497370398196,Sell
06.3.2020,77000.0,78000.0,77000.0,56651.4,61523.9437244688,61690.65238095238,71937.6,53952.8575,73.18989467895102,4177.160739832951,160.08342845251326,34.31967215112594,96.54755739685828,Sell
05.3.2020,78000.0,78000.0,76500.0,58233.85,63093.09194118606,63723.85238095238,75522.54999999999,53921.0175,73.92251314870657,4924.113236363832,136.15049449346543,35.21640291682197,100.0,Sell
04.3.2020,76500.0,76500.0,76499.0,59741.3,64369.940327739765,65463.485714285714,78333.49999999999,54018.67,70.79735280420198,5333.559058587598,111.8543723639935,36.048766338013415,94.3725379853686,Sell
03.3.2020,76500.0,76500.0,75000.0,61088.45,65525.18410605026,67059.55238095239,81110.55,54234.8,70.79735280420198,5593.568645132284,95.4745407162288,36.33647536020569,94.1943724116577,Sell
02.3.2020,75000.0,75000.0,74792.0,62463.5,66427.54752452167,68384.4619047619,82994.1,54575.935,67.48837452352538,5613.8773679791775,79.76504444455259,36.53495692867607,88.3887448233154,Sell
28.2.2020,73500.0,73500.0,71990.0,63975.6,67101.11442694817,69435.55714285714,83382.0,55053.28250000001,64.25420248336731,5446.154830403619,61.14402860028565,35.81938568358556,80.51273168196778,Sell
27.2.2020,72000.0,72300.0,71571.0,65206.65,67567.67495771502,70199.78571428571,83500.75,55638.735,61.10089442143744,5133.025721700222,48.991684612450314,35.02502962361523,72.87645223995298,Sell
26.2.2020,73500.0,76200.0,72100.0,66248.65,68132.6582950755,70989.62857142858,82658.75,56302.13999999999,63.0535355489354,4948.858747967359,57.57022033533638,34.96479321661105,76.67547815269786,Sell
25.2.2020,76496.0,76994.0,76100.0,67473.45,68929.16702887783,71965.56666666667,82226.15000000001,57048.03500000001,66.65402445822747,4987.168284239699,71.74639918729854,35.03518347717516,89.25714285714285,Sell
24.2.2020,77500.0,78000.0,77500.0,68781.2,69745.43683565136,72920.47619047618,82418.00000000001,57877.78250000001,67.78693905771766,5040.440219675409,76.84160985950746,35.26234695961963,96.07812377441368,Sell
21.2.2020,78000.0,78053.0,77500.0,69997.05,70531.58570844647,73798.45714285714,81402.15000000001,58776.615000000005,68.36339300917345,5064.622616729888,75.87330675382591,35.48212210882564,99.34169668364179,Sell
20.2.2020,77997.0,77997.0,77997.0,71288.75,71242.57754573728,74560.35714285714,80109.85,59752.125,68.35548909974145,5025.613125912394,77.2412402564365,35.68619903308837,99.30443423177245,Buy
19.2.2020,77997.0,77997.0,77996.0,72443.2,71885.85587471469,75199.23809523809,79254.8,60786.0875,68.35548909974145,4937.778190076322,77.35354982831143,35.8752660462527,99.30443423177245,Buy
18.2.2020,78000.0,78120.0,78000.0,73549.25,72468.15531521806,75728.45714285714,78448.75,61876.905000000006,68.35973165854531,4812.929984619841,76.12791376152406,36.07624728734273,98.16765918460834,Buy
17.2.2020,78100.0,78151.0,77001.0,74518.9,73004.52147567348,76161.8619047619,78099.1,63009.4375,68.5112788647317,4668.243442058549,67.94282347274098,35.78687152537435,99.22492401215806,Buy
14.2.2020,77100.0,77101.0,77000.0,75173.9,73394.56704941887,76407.68095238095,78164.1,64157.219999999994,65.1507187325135,4421.913604529807,48.213034217691956,35.51767701210815,84.0273556231003,Buy
13.2.2020,77000.0,77000.0,76900.0,75761.35,73737.94161614087,76581.59523809524,78576.65,65305.31,64.80837262358486,4170.550756271899,39.462717906998485,35.21540301806743,82.50759878419453,Buy
12.2.2020,77000.0,77300.0,76500.0,75986.35,74048.61384317507,76699.56190476191,79051.65,66419.275,64.80837262358486,3926.08640785022,34.32975888546311,34.71587389765447,82.50759878419453,Buy
11.2.2020,77500.0,78000.0,77500.0,76234.6,74377.31728668221,76843.71904761904,79004.19999999998,67505.93999999999,65.84898543026003,3729.6988253790914,57.77928015844772,34.468019689238616,90.1063829787234,Buy
10.2.2020,77900.0,77900.0,77900.0,76629.5,74712.81087842677,77002.32857142857,78689.29999999999,68572.345,66.69738954021898,3565.2390519287437,66.96224076689157,34.23786935285247,96.1854103343465,Buy
07.2.2020,77500.0,77500.0,77500.0,76654.5,74978.25746143375,77085.23333333334,78564.29999999999,69572.5,64.9594830822088,3363.850465300362,46.10932872500189,33.769528796062154,89.24144769459593,Buy
06.2.2020,77150.0,77500.0,77150.0,76612.0,75185.09008415435,77132.42380952381,78437.4,70491.4075,63.40273517483857,3139.8126784513443,35.16619533276023,33.107044038145894,51.19453924914676,Buy
05.2.2020,77500.0,78000.0,77500.0,76662.0,75405.55769518726,77216.99523809523,78288.0,71337.44249999999,64.32348746573004,2956.423384726877,51.390818284051655,32.69128739381906,60.56935190793458,Buy
04.2.2020,78000.0,78200.0,78000.0,76737.0,75652.64743850277,77344.42380952381,78213.0,72119.87,65.6529327951454,2818.936919447282,66.67584032825144,32.38665351140943,88.23529411764706,Buy
03.2.2020,78003.0,78999.0,78000.0,76887.15,75876.49053959774,77464.99523809523,78043.45000000001,72841.0525,65.6612009599401,2679.334282325697,78.1217270930664,32.42681752298282,60.14405762304922,Buy
31.1.2020,79000.0,79000.0,78750.0,77162.15,76173.96763106463,77666.21904761904,78148.45000000001,73500.37999999999,68.38497791249046,2618.9580363492278,116.58289181723485,32.46452053345357,100.0,Buy
30.1.2020,77000.0,77990.0,77000.0,77412.15,76252.63738048704,77650.77619047619,77898.45000000001,74110.655,58.38090629834035,2382.2648745574115,-14.810946850920393,31.186162575032785,20.0,Buy
29.1.2020,78000.0,78000.0,78000.0,77637.15,76419.0528680597,77706.76190476191,77873.45000000001,74680.08,61.41992800719788,2249.445276292521,52.90121214567055,30.004304892371955,60.0,Buy
28.1.2020,78000.0,79000.0,78000.0,77712.35,76569.61926157784,77741.31904761905,77898.25,75192.025,61.41992800719788,2119.749633477666,99.87315750338841,29.418364969323772,60.0,Buy
27.1.2020,76900.0,76900.0,76900.0,77682.35,76601.08409380853,77663.95238095238,77728.25,75637.08249999999,56.18596024756631,1906.2302593808126,-130.18667488083423,28.0878252593236,16.0,Buy
24.1.2020,78001.0,78500.0,78001.0,77682.4,76734.40941820772,77694.3,77828.4,76021.35,59.871911053914154,1805.0486385427503,65.30614323953112,27.642691600109252,60.04,Buy
23.1.2020,78500.0,79000.0,78500.0,77707.55,76902.56090218794,77772.16666666667,78073.24999999999,76342.29,61.454638977299375,1745.0112018343789,127.05332906606101,27.45301382943584,76.19047619047619,Buy
22.1.2020,79000.0,79848.0,79000.0,77757.7,77102.31700674148,77895.25714285714,78323.09999999999,76608.01499999998,63.02819629756042,1717.973196415187,180.73318948893623,27.64228086035073,71.23473541383989,Buy
21.1.2020,79500.0,79899.0,79499.0,77832.7,77330.66776800419,78061.19047619047,78548.09999999999,76822.1875,64.58516662575795,1717.0975716974062,186.133786202151,27.839983844329485,86.69556518839613,Buy
20.1.2020,79500.0,79949.0,79500.0,77902.7,77537.27083771807,78219.98095238095,78777.50000000001,76991.3775,64.58516662575796,1696.8434774404886,157.3148859851389,28.046536867290957,85.27386028205969,Buy
17.1.2020,79898.0,79898.0,79300.0,78042.6,77762.10218650682,78410.00952380952,78817.19999999998,77134.8125,65.91046366086118,1693.386925217099,140.32514638356406,28.05606763951078,98.32732043292883,Buy
16.1.2020,79897.0,79898.0,79897.0,78187.45,77965.42578779189,78586.61904761905,79251.75000000001,77256.11750000001,65.90379037040393,1671.3011714783497,137.38243380634066,28.064917642286325,98.29452279435881,Buy
15.1.2020,79999.0,79999.0,79000.0,78337.4,78159.0995222879,78759.14761904762,79501.6,77373.67,66.27882657520846,1643.088103204631,103.32485439861999,27.229244128137704,100.0,Buy
14.1.2020,79500.0,80051.0,79500.0,78437.4,78286.80432968904,78869.87142857142,79701.6,77483.81,62.64836463186618,1562.4529288795893,92.35596683155015,26.487440285171377,82.51348778165662,Buy
13.1.2020,80000.0,82000.0,79500.0,78542.4,78449.9658220996,79018.69047619047,80216.6,77579.455,64.73290770826566,1521.3575310023734,136.2273825370998,26.91297212850694,60.78431372549019,Buy
10.1.2020,79500.0,79500.0,79000.0,78642.4,78549.96907713774,79109.89047619047,80416.4,77678.85,61.06292881069955,1431.9368343065144,44.400496944802796,26.841922564771345,50.98039215686274,Buy
09.1.2020,77650.0,77950.0,77650.0,78667.4,78464.25773645795,79015.37619047619,80221.4,77781.62000000001,49.8105108558202,1197.9811678432889,-80.07874118398544,25.64873233862633,14.705882352941176,Buy
08.1.2020,77650.0,77650.0,77650.0,78674.9,78386.7093806048,78918.48095238095,79943.9,77882.265,49.8105108558202,1001.0303617214813,-87.7497330103398,24.54076998577739,14.705882352941176,Buy
03.1.2020,78000.0,78000.0,76501.0,78674.9,78349.8799157853,78854.20476190477,79643.9,77979.16,51.76095107415187,863.2366490993008,-94.10882321427482,22.92984027731762,27.259501727586834,Buy
02.1.2020,77850.0,77850.0,77850.0,78667.25,78302.27230475812,78775.64285714286,79321.54999999999,78068.165,50.84892028046982,733.4753454882011,-64.07307213358142,21.433976976604974,24.53173304237134,Buy
30.12.2019,77850.0,77999.0,76003.0,78609.75,78259.198751924,78697.80952380953,78969.45000000001,78140.545,50.84892028046982,623.4518130807701,-93.85893505608797,21.237143144002193,30.798732699683175,Buy
27.12.2019,77000.0,77000.0,75800.0,78609.75,78139.27506126458,78544.5,78390.04999999999,78200.425,45.57176213033615,462.33990805408393,-133.64816081788422,21.169135579118272,19.35483870967742,Buy
26.12.2019,76499.0,76499.0,75301.0,78534.7,77983.0583887632,78343.47619047618,77765.09999999999,78245.30249999999,42.755251936325074,290.87798920919886,-146.74224416407557,21.388993049777184,17.88326615912823,Buy
25.12.2019,76000.0,76000.0,75000.0,78434.7,77794.19568507146,78102.07619047619,77165.09999999999,78281.42,40.09712197644759,113.42061131980154,-147.07810434436144,21.76238789062932,14.285714285714286,Buy
24.12.2019,76500.0,76500.0,75101.0,78414.7,77670.9389531599,77917.81904761905,76485.09999999999,78318.0375,43.86319367788468,12.980550451233285,-120.53209492699415,21.629884188760382,21.428571428571427,Buy
23.12.2019,75100.0,75100.0,75100.0,78269.65,77426.08762428752,77602.13333333333,75750.15,78347.4,36.872961101621634,-177.54064311188995,-144.08456144868836,21.50749788069188,1.4285714285714286,Buy
20.12.2019,76500.0,76500.0,76500.0,78169.65,77337.88880292681,77433.59523809524,75620.15,78370.505,46.12001748434129,-213.1052176344383,-71.0379111601628,20.136488005296737,21.428571428571427,Buy
19.12.2019,76500.0,76500.0,76499.0,78044.65,77258.08986931475,77274.58095238096,75515.15,78384.8525,46.12001748434129,-238.54065103376342,-65.19776793041147,18.864195223897674,21.428571428571427,Buy
18.12.2019,76500.0,76500.0,76499.0,77894.65,77185.89083414192,77127.47142857143,75365.15,78387.94999999998,46.12001748434129,-255.7502851667523,-60.23717396857219,17.68278049831283,33.333333333333336,Buy
17.12.2019,76500.0,76500.0,76499.0,77744.65,77120.56789755698,76994.64761904762,75245.15,78380.0475,46.12001748434129,-266.31908358812507,-55.15583085281589,16.585752538841188,50.0,Buy
16.12.2019,76500.0,76500.0,76500.0,77574.75,77061.46619302775,76876.10952380953,75145.04999999999,78356.655,46.12001748434129,-271.564505900169,-50.05077874563629,15.567083719331807,50.0,Buy
13.12.2019,76500.0,76500.0,76500.0,77404.9,77007.9932222632,76773.75238095238,75214.9,78317.5275,46.12001748434129,-272.5794150517613,-44.980404727288736,14.621176958358811,50.0,Buy
12.12.2019,76000.0,76500.0,76000.0,77204.95,76911.99386776195,76639.95238095238,75315.05,78260.905,42.640193159563495,-310.15429356027744,-59.02326298593063,14.270226991272509,33.344448149383126,Buy
11.12.2019,76500.0,77000.0,75800.0,77054.95,76872.75635654652,76572.81428571428,75565.05,78191.7825,46.95073542111155,-296.17273918875435,-37.20023114706834,13.354441528498151,50.01667222407469,Buy
10.12.2019,76501.0,77000.0,76501.0,76880.0,76837.35098925639,76520.05714285714,75740.20000000001,78108.6625,46.959320573033274,-281.76356993256195,-8.726190941165976,12.504069313064818,75.05,Buy
06.12.2019,77000.0,77000.0,76100.0,76755.0,76852.84137123196,76531.4857142857,76245.20000000001,78014.29250000001,51.20303955067797,-227.45708610012662,9.942990280272939,12.175071329224465,100.0,Sell
05.12.2019,76499.0,76499.0,75800.0,76697.45,76819.1421930194,76507.10476190476,76302.55,77915.795,47.126215513686375,-222.28297955221205,-43.197472353872264,12.199040397794562,74.95,Sell
04.12.2019,76000.0,76000.0,75990.0,76614.95,76741.12865082709,76440.68095238095,76285.05,77812.7975,43.41816853682082,-255.50232080895512,-78.92534315366623,12.221297390038222,47.36842105263158,Sell
03.12.2019,76500.0,76500.0,76000.0,76539.95,76718.164017415,76429.73333333334,76360.05,77706.05,47.84631337667386,-238.73112298094202,-14.101429502071968,11.532670127447977,73.6842105263158,Sell
02.12.2019,76500.0,76500.0,76490.0,76472.45,76697.3864919469,76425.92857142857,76427.55,77596.31,47.84631337667386,-222.87071302473487,33.504633042776895,10.893230526471323,58.333333333333336,Sell
29.11.2019,78000.0,78000.0,75507.0,76479.95,76821.4449212853,76571.40952380952,76720.05,77489.81999999999,59.00809537543279,-88.24650906446914,183.2790349564172,11.652237880677946,100.0,Sell
28.11.2019,76000.0,76000.0,74650.0,76429.95,76743.2120716391,76525.7,76670.05,77380.83,45.1371496260205,-141.3102067130967,-144.24702228861076,11.260790638395756,40.298507462686565,Sell
27.11.2019,74650.0,74650.0,74001.0,76337.5,76543.8585410068,76356.18095238095,76492.5,77270.97,38.54987322760608,-288.96626376871427,-264.30127792819246,10.723772193052119,16.22905726431608,Sell
26.11.2019,74500.0,74500.0,74500.0,76262.5,76349.2053466252,76181.18095238095,76167.5,77162.36,37.8882384213057,-413.3239578861394,-208.95573029323597,10.22511220809017,12.47811952988247,Sell
25.11.2019,74000.0,74000.0,74000.0,76137.5,76125.47150408947,75965.70476190477,75792.29999999999,77048.5,35.68937735527629,-545.9309950677416,-204.16552023145556,10.291562204780096,0.0,Buy
22.11.2019,74500.0,74500.0,73000.0,76107.5,75970.66469417619,75809.75238095238,75322.29999999999,76940.3925,39.47233910534221,-603.7179216907534,-177.81807733784152,11.256125140317186,30.0,Buy
21.11.2019,73200.0,73200.0,73200.0,75942.5,75706.7918661594,75532.84761904762,74827.5,76829.035,33.89041249784562,-745.8163066895067,-189.07868708550575,12.151790723315912,4.0,Buy
20.11.2019,73200.0,73200.0,73200.0,75777.5,75468.04978366803,75271.65714285715,74432.5,76715.6775,33.89041249784562,-848.6476190766844,-152.9178057453161,12.9834801932433,4.0,Buy
19.11.2019,73200.0,73500.0,73200.0,75612.5,75252.04504236631,75026.18095238095,73937.5,76601.57,33.89041249784562,-919.5422641768673,-123.67250167455497,13.308241974591345,4.0,Buy
18.11.2019,73000.0,73700.0,73000.0,75437.5,75037.56456214095,74777.37142857142,73412.5,76486.2125,32.993881394440876,-980.5618036237283,-109.39468010625241,13.6098064858431,0.0,Buy
15.11.2019,74168.0,74168.0,73000.0,75320.9,74954.7488895561,74656.46666666666,72762.70000000001,76373.51999999999,42.55178367185876,-924.0208524368063,-72.02844756990505,13.185620080060081,23.36,Buy
14.11.2019,72000.0,72000.0,72000.0,75095.9,74673.3442334079,74340.19047619047,72187.70000000001,76258.06999999999,33.11077174999211,-1042.1381031885103,-140.81674565560772,13.858767809894644,0.0,Buy
13.11.2019,72000.0,72020.0,72000.0,74895.9,74418.74002070239,74045.34285714285,71857.70000000001,76142.61750000001,33.11077174999211,-1122.803891063042,-124.64776684746523,14.453419796604123,0.0,Buy
12.11.2019,72000.0,72100.0,71999.0,74670.9,74188.38382825455,73769.54285714286,71582.70000000001,76023.415,33.11077174999211,-1173.2080964796914,-112.8192336444954,14.876962789201338,0.016663889351774704,Buy
11.11.2019,73100.0,73100.0,73100.0,74500.85,74084.72822556364,73619.93333333333,71572.75,75904.45749999999,41.356152079469865,-1111.5793902223231,-59.54329817194543,13.84662727064101,27.51812046988253,Buy
08.11.2019,73100.0,73100.0,73100.0,74305.85,73990.94458503377,73486.51904761905,71487.75,75781.99999999999,41.356152079469865,-1050.6272199041996,-54.51562327259594,12.889887146263561,41.53149754809506,Buy
07.11.2019,73100.0,73800.0,73100.0,74135.9,73906.09271979246,73371.6761904762,71637.70000000001,75653.9225,41.356152079469865,-990.8997107386676,-38.48094309382483,12.787011961653345,44.022391043582566,Buy
06.11.2019,73000.0,73096.0,71314.0,73985.9,73819.79817505032,73263.49523809523,71747.70000000001,75522.47,40.785305254692176,-940.7895572814596,-80.0788965982793,13.01096108001829,52.919020715630886,Buy
05.11.2019,71150.0,72000.0,71000.0,73718.4,73565.53168218839,72993.40952380952,71605.20000000001,75381.3925,31.98842412689237,-1038.386564603803,-135.05635797910344,13.485767374401473,4.285714285714286,Buy
04.11.2019,71000.0,71000.0,70200.0,73443.4,73321.19533150378,72734.5142857143,71480.20000000001,75229.94,31.39710914451652,-1114.9838032226835,-170.22158906891448,14.550275479588551,20.161290322580644,Buy
01.11.2019,71000.0,71500.0,70500.0,73093.4,73100.12910945581,72501.80952380953,71196.6,75060.6125,31.39710914451652,-1162.2895166337985,-141.62698008827448,14.91370254882643,20.161290322580644,Sell
31.10.2019,72000.0,72000.0,72000.0,72893.4,72995.35490855525,72397.6761904762,71396.6,74883.785,39.97596432698937,-1106.3348531623487,-61.58642206048647,14.66681545378724,45.36290322580645,Sell
30.10.2019,73000.0,73096.0,72999.0,72810.9,72995.79729821665,72407.82857142857,71679.1,74707.45499999999,47.10001720030152,-970.1158449934155,20.42569810583872,13.907306763983012,70.56451612903226,Sell
29.10.2019,73095.0,73095.0,73094.0,72740.65,73005.24517457696,72434.88571428572,71968.35,74531.36249999999,47.734652281488955,-844.7577520406194,33.00917835213415,13.202048694879085,72.9586693548387,Sell
28.10.2019,73096.0,73200.0,73096.0,72695.45,73013.88849128393,72468.72857142857,72012.75000000001,74359.26,47.74175925027157,-736.8360809004953,41.462298655615804,12.651410872945307,80.44444444444444,Sell
25.10.2019,73500.0,73500.0,73000.0,72645.45,73060.18482544736,72545.35238095238,72142.75000000001,74186.1575,50.66072739028187,-611.6571524471219,64.34613491337174,12.44185926683553,91.66666666666667,Sell
24.10.2019,72200.0,73094.0,72000.0,72595.45,72978.26246111904,72502.92857142857,72012.75000000001,74018.805,42.44497214217755,-610.3157452264131,-14.188991193572663,11.94270855713385,55.55555555555556,Sell
22.10.2019,72000.0,72000.0,70020.0,72535.45,72885.09460767913,72446.21904761904,71872.75000000001,73856.70249999998,41.334369466130134,-618.2640359198558,-102.11168742888418,13.01700150944605,52.38095238095238,Sell
21.10.2019,70000.0,70005.0,68000.0,72375.45,72610.32369266207,72204.74761904762,71802.75000000001,73694.84999999999,32.247517823665035,-776.9897447432741,-223.88290308035286,15.058260867051771,34.48275862068966,Sell
18.10.2019,71900.0,72500.0,71500.0,72320.45,72542.67381717045,72159.46666666666,72037.75000000001,73538.99749999998,44.68782596536006,-740.9259582688101,-20.653246303518976,14.827512515692133,67.24137931034483,Sell
17.10.2019,73700.0,74989.0,73700.0,72297.05,72652.89535839231,72290.85238095238,72601.15000000001,73387.805,53.41469499002869,-560.6375106518535,144.57717175597,14.39522629779791,81.55673200744026,Sell
16.10.2019,73000.0,73000.0,71505.0,72347.05,72685.95294330733,72357.8,72751.15000000001,73250.3625,50.10399160015845,-468.83730228355853,17.63232425917454,13.897231248427493,71.5409929889827,Sell
15.10.2019,71700.0,72911.0,70000.0,72332.05,72592.05266299236,72296.1761904762,72506.15000000001,73122.17,44.57800140603153,-495.27489057298226,-53.26243972235856,14.089902459608922,52.94033481184719,Sell
14.10.2019,72500.0,76488.0,72500.0,72357.05,72583.28574270738,72312.17142857143,72362.15000000001,73006.47750000001,48.352979002535754,-446.52627865645627,105.50230314700475,13.582761806450284,53.01602262016965,Sell
10.10.2019,76140.0,78000.0,76140.0,72509.05,72922.02043387809,72672.45238095238,72818.95,72906.8875,61.276991450826756,-112.87393281124241,255.8171471343218,13.67200812508293,81.4,Sell
09.10.2019,79000.0,80002.0,79000.0,72804.05,73500.87563065162,73290.6380952381,73623.95,72831.7975,68.0434485275731,377.9690610311518,299.42133294947485,14.407784294081818,91.65139143476087,Sell
08.10.2019,80300.0,80400.0,80000.0,73164.05,74148.41128487527,74004.5380952381,74883.95,72783.20499999999,70.56152839150204,861.9290241722629,253.57272299752358,15.212982722663396,99.19354838709677,Sell
07.10.2019,80001.0,80001.0,76300.0,73514.1,74705.80068631572,74655.6761904762,76134.1,72759.615,69.21071472288631,1207.425530631299,159.14432445780926,14.312538092716512,96.78225806451613,Sell
04.10.2019,75000.0,75001.0,74000.0,73706.6,74733.81966857136,74797.19047619047,76941.6,72759.025,51.46450478111021,1065.413670670343,30.42132265833886,13.906189210399083,56.45161290322581,Sell
03.10.2019,74000.0,74000.0,73500.0,73856.6,74663.93208108838,74825.13333333333,77211.6,72779.685,48.771564063274354,862.2372713200893,0.6502540846721266,13.69193152257596,48.38709677419355,Sell
02.10.2019,73200.0,73500.0,73200.0,73966.6,74524.50997812758,74762.6,77001.6,72823.345,46.667735287552034,629.4097530676663,-20.59251872941747,13.594079298785335,41.935483870967744,Sell
01.10.2019,73000.0,73200.0,73000.0,74016.6,74379.31855163923,74670.54285714286,76951.6,72879.50499999999,46.13197508688745,423.86785411699384,-30.47531448427225,13.573843370417006,40.32258064516129,Sell
30.9.2019,73000.0,73000.0,72999.0,74016.6,74247.95488005453,74573.72380952381,77211.6,72939.79000000001,46.13197508688745,258.0003509035887,-32.63915721778787,13.55542885233948,28.846153846153847,Sell
27.9.2019,73400.0,73500.0,72000.0,74031.85,74167.19727243029,74515.0,77376.35,73004.35,47.52921394632395,157.0158358400513,-33.46099800080647,13.918006346252003,32.69230769230769,Sell
26.9.2019,73000.0,73500.0,72000.0,74027.05,74056.03562743693,74416.72857142857,76753.15000000001,73070.93,46.23763806133067,44.198727618320845,-37.23391344450104,14.254685447742206,28.846153846153847,Sell
25.9.2019,72000.0,73000.0,70396.0,73952.05,73860.22271053818,74223.6761904762,75428.15000000001,73136.26,43.08543308280907,-124.46651361089607,-67.39970833656905,15.162953656612085,19.23076923076923,Buy
24.9.2019,70396.0,70396.0,70330.0,73861.85,73530.29673810596,73885.00476190477,73537.54999999999,73199.58,38.546135071250276,-383.1476397749502,-106.43907420722977,16.029927586209144,0.6554121151936445,Buy
23.9.2019,71000.0,71000.0,67500.0,73811.85,73289.31609638158,73612.44761904761,71787.35,73263.4,41.06413188420384,-533.2693467151694,-117.6613663312152,17.731788071385818,27.131782945736433,Buy
20.9.2019,68200.0,68400.0,66550.0,73721.85,72804.61932529761,73077.9857142857,70517.35,73330.72,34.090685251282466,-868.1707484864019,-174.40641426968247,19.564541829929485,11.913357400722022,Buy
19.9.2019,66501.0,66501.0,66001.0,73451.9,72204.27462765021,72390.28571428571,69287.5,73387.29250000001,30.68551886471269,-1256.1969664155768,-188.13650041799386,21.409048931089792,3.472463365511494,Buy
18.9.2019,66500.0,66500.0,66500.0,73091.9,71661.01037739782,71728.2,68307.5,73427.035,30.68357619089636,-1545.9702486516617,-158.28836075593546,23.121805525024364,3.5642857142857145,Buy
17.9.2019,66500.0,66500.0,66300.0,72766.9,71169.48557955041,71100.4,67332.5,73448.0275,30.68357619089636,-1755.3827034104033,-135.03892522681662,24.769517359432335,5.544444444444444,Buy
16.9.2019,66000.0,66000.0,65500.0,72481.9,70677.15361959323,70455.93333333333,66217.5,73455.52,29.597016182348057,-1939.3339690657012,-127.65060762448141,26.528248929489315,5.882352941176471,Buy
13.9.2019,66001.0,66500.0,66001.0,72156.95,70231.80565582245,69838.70476190477,65062.65000000001,73445.515,29.602385515639085,-2061.274886954445,-105.16115267514758,27.750431108918633,6.2625,Buy
12.9.2019,66799.0,66800.0,66799.0,71689.9,69904.87178383936,69328.42380952381,64289.5,73404.5575,33.93255021314397,-2069.6642113749112,-83.57258199231606,28.63621662404336,16.2375,Buy
11.9.2019,66500.0,67000.0,66500.0,71064.9,69580.59828061657,68834.14761904762,63814.5,73317.6,33.11074589862493,-2076.5029788111715,-77.79206491414543,29.567302874375173,12.5,Buy
10.9.2019,67470.0,67500.0,67000.0,70423.4,69379.58892055786,68491.77619047619,63870.80000000002,73180.5675,38.32892149401503,-1980.8182184970065,-59.22928728818073,29.989290866350103,24.625,Buy
06.9.2019,67500.0,67500.0,67150.0,69798.35,69200.5804519333,68213.35714285714,63795.850000000006,72994.78,38.488748844802515,-1880.884936558592,-51.45537231668993,30.38113685889825,25.0,Buy
05.9.2019,67150.0,67160.0,67150.0,69405.85,69005.2870755587,67961.13333333333,63978.350000000006,72779.74250000001,37.27502746387306,-1809.0752719451993,-51.00223926991349,30.744993851978677,22.0,Buy
04.9.2019,67999.0,68999.0,65319.0,69105.8,68909.45021121978,67827.14761904762,64577.999999999985,72542.2025,42.04890409304809,-1664.4714005592687,-39.24261795091452,29.46390889371658,47.17479317021651,Buy
03.9.2019,64000.0,64000.0,64000.0,68645.8,68441.88352443694,67340.88095238095,64537.999999999985,72276.1625,30.33691764076238,-1851.2179810909875,-121.91267233500957,28.98703355466029,0.0,Buy
02.9.2019,64000.0,64001.0,63000.0,68195.8,68018.84699830008,66898.42380952381,64487.999999999985,71985.12250000001,30.33691764076238,-1976.4329033754766,-127.36293903048025,29.01549635443769,16.669444907484582,Buy
30.8.2019,63500.0,63500.0,63200.0,67720.8,67588.4806175096,66451.20476190477,64462.999999999985,71670.33249999999,29.159204505958385,-2091.898350710908,-135.43133362728707,29.041926097088133,8.334722453742291,Buy
29.8.2019,63200.0,63300.0,62999.0,67210.8,67170.53008250869,66020.65238095238,64412.8,71329.28,28.445661685961383,-2182.455059014028,-139.74725179607012,29.164978268077295,3.35,Buy
27.8.2019,62600.0,63000.0,62501.0,66690.8,66735.24150322215,65581.52857142857,64093.0,70962.4675,27.0214713302302,-2276.3960121402633,-149.1060404250562,29.52418777745521,1.5235457063711912,Sell
26.8.2019,63000.0,63001.0,63000.0,66240.8,66379.504217201,65230.02380952381,63843.0,70576.905,29.553703887356164,-2292.14580718628,-122.09925965970751,29.856712901941297,7.6792859341335795,Sell
23.8.2019,63000.0,64000.0,62800.0,65871.0,66057.64667270567,64921.37619047619,63318.8,70177.3625,29.553703887356164,-2278.3640704595236,-97.11213927925218,29.175273940282977,7.6792859341335795,Sell
22.8.2019,62553.0,62900.0,62500.0,65448.65,65723.87079911465,64605.37619047619,62751.74999999999,69759.2025,28.28186127623819,-2277.260270226776,-105.84611605613425,28.72653415354089,0.8155100784736113,Sell
21.8.2019,62700.0,62700.0,62500.0,65173.65,65435.88310396088,64343.6,62136.74999999999,69331.79250000001,29.358514321356736,-2238.7172897569253,-94.15790360076613,28.309847208708952,3.0773965225419295,Sell
20.8.2019,62501.0,62501.0,62200.0,64973.65,65156.37042739317,64089.061904761904,61237.15,68907.88,28.729734209933213,-2198.8819940639514,-91.58155257756883,28.121984144679605,4.427121635534638,Sell
19.8.2019,62200.0,62201.0,62200.0,64758.65,64874.81133907002,63824.90476190476,61092.15,68491.2175,27.76122996596999,-2166.6249163094617,-89.28489508647475,27.94753987093807,0.0,Sell
16.8.2019,62000.0,62501.0,61501.0,64533.65,64601.01978296811,63562.17619047619,60917.15,68079.55500000001,27.107339509949142,-2132.6158107603987,-88.25091811836202,28.257893981750406,6.655108028807682,Sell
15.8.2019,62502.0,62999.0,62502.0,64358.75,64401.11313697115,63368.68571428571,60892.45,67673.39749999999,31.470510153316283,-2041.6216020167049,-59.76286096768043,27.942217335541358,13.350226727127234,Sell
14.8.2019,63000.0,63000.0,62999.0,64208.7,64267.67379059295,63239.280952380956,61002.5,67275.985,35.589452352352055,-1907.3370042600582,-44.28119061108496,27.647866789188065,59.96,Sell
13.8.2019,63000.0,63000.0,62800.0,64018.75,64146.94295339362,63124.166666666664,61272.45,66892.4275,35.589452352352055,-1780.3922395873597,-43.5317113779567,27.531034680535907,59.96,Sell
12.8.2019,62500.0,62505.0,62500.0,63818.75,63990.09124354661,62979.52380952381,61372.45,66530.12,33.2615702810988,-1700.5307602616012,-58.81256594502595,27.65830029918758,39.975990396158466,Sell
09.8.2019,62502.0,62502.0,62500.0,63570.35,63848.36826797074,62854.119047619046,61521.25000000001,66187.4675,33.28036942092028,-1618.4224130945659,-57.445574775827914,27.77647551650699,40.056022408963585,Sell
08.8.2019,62100.0,62100.0,62100.0,63300.35,63681.857004354475,62714.08571428571,61700.65,65862.56749999999,31.36776020487983,-1567.7173272731598,-83.68586187561904,28.212027906240973,23.969587835134053,Sell
07.8.2019,62100.0,63000.0,62002.0,63047.85,63531.20395632072,62599.76666666667,61833.15,65544.66750000001,31.36776020487983,-1510.1253959056994,-65.33530571992132,27.323450487344434,23.969587835134053,Sell
06.8.2019,63000.0,63000.0,63000.0,62797.9,63480.6131033378,62595.20952380952,62182.9,65229.2725,40.2792297851226,-1375.9992343396734,30.77029853355838,26.498342884083364,59.983993597438975,Sell
05.8.2019,63000.0,63000.0,63000.0,62747.9,63434.84042682943,62614.45714285714,62392.9,64934.3775,40.27922978512261,-1255.2337318666905,44.68271947267721,25.732171538198084,100.0,Sell
01.8.2019,62700.0,62700.0,62400.0,62682.9,63364.85562427425,62609.89523809524,62597.9,64658.7325,38.35401114088534,-1170.2438512184453,-22.264346517292427,25.629551725168888,79.9866577718479,Sell
31.7.2019,62000.0,62000.0,61999.0,62607.9,63234.86937434337,62544.857142857145,62572.49999999999,64403.0875,34.24144873495975,-1146.1606814659026,-139.2138588893181,25.901376967288122,33.28885923949299,Sell
30.7.2019,61502.0,61505.0,61500.0,62523.0,63069.83419583448,62439.53333333333,62357.8,64168.697499999995,31.64199797268155,-1153.9569367142976,-206.42065682430436,26.574118611196983,0.13333333333333333,Sell
29.7.2019,61500.0,61500.0,61500.0,62468.0,62920.326177183575,62342.10476190476,62112.8,63957.557499999995,31.63161226417337,-1147.074151661458,-171.23559793404922,27.198807280540926,0.0,Sell
26.7.2019,61500.0,61500.0,61500.0,62393.0,62785.05701745181,62249.91428571429,61987.8,63765.167499999996,31.63161226417337,-1128.6095861452777,-146.29343572836135,27.778875330646013,0.0,Sell
25.7.2019,61500.0,61500.0,61500.0,62318.0,62662.67063483735,62164.86666666667,61862.399999999994,63587.517499999994,31.63161226417337,-1101.281398505591,-127.75231835084573,28.317509948600737,0.0,Sell
24.7.2019,61500.0,61500.0,61500.0,62265.35,62551.94009818617,62086.961904761905,61795.049999999996,63428.3525,31.63161226417337,-1067.3202099160262,-110.91435235174733,28.81767066527298,0.0,Sell
23.7.2019,61500.0,61506.0,61500.0,62205.35,62451.75532693034,62014.07142857143,61735.049999999996,63279.9375,31.63161226417337,-1028.5492478026572,-98.18390804597738,29.268086867416173,0.0,Sell
22.7.2019,61503.0,61505.0,61503.0,62155.45,62361.3976767465,61947.18095238095,61485.55,63139.027500000004,31.68033510858794,-986.2124626961377,-87.28612505056545,29.686330483691993,0.2,Sell
19.7.2019,61502.0,61502.0,61500.0,62120.55,62279.55027896112,61884.94761904762,61220.84999999999,63007.12250000001,31.672232601816575,-941.8835004309512,-78.62508621171776,30.07859367960523,0.13333333333333333,Sell
18.7.2019,61502.0,61998.0,61500.0,62095.65,62205.49787144102,61826.038095238095,61006.15,62885.222499999996,31.672232601816575,-896.4191168849429,-54.477687115946964,29.18617627299676,0.13333333333333333,Sell
17.7.2019,61601.0,62000.0,61601.0,62050.6,62147.9266455895,61778.92857142857,60971.4,62769.815,33.62145732215812,-842.6858349969334,-41.813512850529115,28.352758898111393,6.733333333333333,Sell
16.7.2019,62000.0,62001.0,62000.0,62000.6,62133.8383936286,61774.10952380952,61121.00000000001,62659.409999999996,40.934842255515946,-759.1547926630592,-2.804073140148337,27.57631905631883,33.333333333333336,Sell
15.7.2019,62499.0,62500.0,62450.0,61975.55,62168.61568947349,61821.57619047619,61345.84999999999,62557.25,48.56696283588282,-645.2526393511798,70.70117875805113,25.67677135259382,83.25,Sell
12.7.2019,62500.0,62500.0,62500.0,61975.55,62200.17609999982,61871.52380952381,61545.84999999999,62465.090000000004,48.58130184264491,-548.5799820344619,73.2057125493767,23.912905627706312,100.0,Sell
11.7.2019,62500.0,62500.0,62500.0,61975.45,62228.7307571427,61921.47142857143,61745.95,62385.344999999994,48.58130184264491,-466.58767237565917,73.2261162369479,22.27503031173934,100.0,Sell
10.7.2019,62900.0,62900.0,62900.0,62015.45,62292.66116122435,62009.52380952381,61985.95,62321.1,54.469815267293896,-365.12261298628437,113.87887034908556,21.502975307088736,100.0,Sell
09.7.2019,62900.0,62999.0,62900.0,62055.45,62350.50295539346,62093.76666666667,62225.95,62271.479999999996,54.469815267293896,-281.4662546272448,107.286096256684,20.98724696858947,93.3955970647098,Sell
08.7.2019,63000.0,63000.0,62000.0,62055.45,62412.359816784556,62183.723809523806,62525.350000000006,62234.357500000006,55.933027041533904,-204.73872309662693,79.32651102197424,20.406589842827998,100.0,Sell
05.7.2019,61999.0,61999.0,61700.0,62005.4,62372.99221518602,62178.34761904762,62674.799999999996,62197.2325,41.54145491771977,-222.14320724675053,-13.713550888405313,20.356369275289644,33.266666666666666,Sell
04.7.2019,61700.0,61701.0,61699.0,61955.4,62308.897718501634,62149.26190476191,62764.4,62160.8575,38.365984601942515,-257.0995044327865,-37.94004985711663,20.31135279635392,13.333333333333334,Sell
03.7.2019,61700.0,61700.0,61400.0,61940.4,62250.90745959671,62124.938095238096,62799.200000000004,62127.482500000006,38.36598460194252,-281.5570078755991,-49.09740660333619,20.746731896389583,18.75,Sell
02.7.2019,61501.0,61501.0,61500.0,61940.35,62179.487701539874,62083.090476190475,62699.450000000004,62098.35,36.22838396029611,-313.38488655159017,-63.872671670837875,21.151012489279847,6.3125,Sell
01.7.2019,61630.0,61630.0,61500.0,61946.85,62127.155539488456,62053.53333333333,62519.15,62072.2925,38.61595892332143,-324.45932270455523,-52.062559042719904,21.165465232407254,14.375,Sell
28.6.2019,62000.0,62000.0,61610.0,61971.85,62115.045488108604,62058.59523809524,62394.15,62051.23500000001,44.9788692409916,-299.9226635913001,-12.721408364415183,20.22617644857242,37.5,Sell
27.6.2019,62250.0,62498.0,62250.0,62009.35,62127.89829876493,62085.08571428571,62306.65,62035.802500000005,48.83784560229325,-257.3378433334292,51.74038143253562,19.26916446491494,53.125,Sell
26.6.2019,62052.0,62500.0,62052.0,62036.95,62120.669889358745,62089.14761904762,62109.45,62024.38249999999,46.08122805611521,-236.83591471733962,26.80692581411558,17.956481033046167,40.75,Sell
25.6.2019,62500.0,62999.0,62500.0,62086.95,62156.796566562676,62133.247619047615,61979.45,62018.4625,52.600396921314484,-182.33627361108665,87.78572430234136,17.66531719140801,68.75,Sell
24.6.2019,63000.0,63500.0,63000.0,62161.8,62237.10165546147,62220.20476190476,61904.59999999999,62018.77999999999,58.61457558484802,-97.67317845819343,142.97263681592102,18.158427868404292,76.19047619047619,Sell
21.6.2019,63001.0,63150.0,63000.0,62236.75,62309.85387875085,62300.12857142857,62030.05,62024.58999999999,58.62588252368429,-30.148836917229346,113.34439775415761,18.61631635418655,76.23809523809524,Sell
20.6.2019,63000.0,63000.0,62500.0,62311.65,62375.58208077458,62372.81904761905,62215.15,62035.39,58.60863828823233,23.018653884573723,75.35162862394711,17.923840781681825,76.19047619047619,Sell
19.6.2019,62500.0,62500.0,61750.0,62356.6,62387.4314064151,62390.75714285715,62330.200000000004,62050.68999999999,50.59520543841534,24.52573466792819,-12.484033451424944,17.318675433419717,52.38095238095238,Sell
18.6.2019,61701.0,61800.0,61500.0,62341.65,62322.05698675652,62328.31904761905,62385.15,62067.74250000001,40.95789124914443,-38.310891324232216,-94.72257833587139,17.12601504838242,14.333333333333334,Buy
17.6.2019,61500.0,61500.0,61300.0,62291.7,62243.76584516066,62248.1619047619,62409.100000000006,62083.55,38.948029848022664,-103.13946278448566,-112.39527583948592,17.233034950748106,9.090909090909092,Buy
13.6.2019,61500.0,62001.0,61500.0,62241.7,62172.93100276441,62172.76190476191,62359.100000000006,62096.8575,38.948029848022664,-152.7557001076566,-72.63414261218963,16.381067203912437,9.090909090909092,Buy
12.6.2019,62000.0,62500.0,62000.0,62216.7,62156.46138345351,62149.74285714285,62334.100000000006,62108.92,46.51930267725103,-150.00197493226733,-5.093848500027047,15.640521921822616,31.818181818181817,Buy
11.6.2019,63000.0,63001.0,63000.0,62221.7,62236.79839455318,62224.34285714286,62518.7,62119.232500000006,57.79304108959965,-66.36299395516835,105.15723939528979,15.651852038347497,77.27272727272727,Sell
10.6.2019,64000.0,64899.0,64000.0,62276.7,62404.72235697669,62393.70476190476,62763.7,62130.295000000006,65.60193596402874,79.69447540244437,232.67581211925858,17.455490183191746,75.02083912197833,Sell
07.6.2019,64000.0,64000.0,64000.0,62326.7,62556.65356107414,62557.828571428574,62913.7,62143.8575,65.60193596402874,193.21876649001206,167.09649525674487,19.13029703197569,75.02083912197833,Sell
06.6.2019,64700.0,65000.0,64556.0,62461.75,62760.7817933528,62783.857142857145,63118.45,62166.675,70.09386791624209,335.8008319689834,191.82491149018375,21.335978684790593,91.89189189189189,Sell
05.6.2019,64000.0,64000.0,63900.0,62576.75,62878.80257493824,62930.357142857145,63203.45,62197.74250000001,61.4517863103768,387.8431814813521,109.32740067329202,22.332122223150016,72.97297297297297,Sell
03.6.2019,63000.0,64000.0,63000.0,62641.75,62890.345186848885,62970.666666666664,63238.45,62232.81,51.65398150313876,344.4251569513726,52.41908223338217,22.03298332394377,45.945945945945944,Sell
31.5.2019,63000.0,63101.0,62707.0,62716.7,62900.788502387084,63004.78571428572,63423.3,62271.6275,51.65398150313876,306.4831131520841,15.231294272850391,21.3963420013011,45.945945945945944,Sell
30.5.2019,64250.0,65000.0,64250.0,62847.7,63029.284835493076,63150.81428571429,63842.3,62316.67,60.73066510456425,372.97885532468354,133.6376835874235,22.22556004273224,79.72972972972973,Sell
29.5.2019,65000.0,65200.0,65000.0,62997.7,63216.97199401754,63355.79523809524,64392.3,62367.96249999999,64.97910656254747,480.6552475644785,155.76595430180632,23.11663185053676,94.87179487179488,Sell
28.5.2019,64999.0,65200.0,64500.0,63135.15,63386.68894696826,63546.39523809524,64854.65,62424.2525,64.9690138991887,559.4597685778281,122.67846361728415,23.33040934424056,94.84615384615384,Sell
27.5.2019,64450.0,64450.0,63200.0,63255.05,63487.95666630461,63671.619047619046,65024.75,62485.15750000001,59.504645720810664,571.0307207270089,53.73441316364555,22.164034570003423,80.76923076923077,Sell
23.5.2019,63300.0,63400.0,63010.0,63295.05,63470.05603141846,63675.9,64844.75,62545.5625,50.01510777525253,481.8509171888727,-5.627539525594198,20.90294157922585,48.648648648648646,Sell
22.5.2019,63200.0,63200.0,62500.0,63305.05,63444.33640937861,63666.84761904762,64674.75,62602.725,49.2791644487718,398.51231422094133,-24.567607191042136,19.558755741624815,37.5,Sell
21.5.2019,63000.0,63000.0,62100.0,63305.0,63402.018656104454,63637.79523809524,64334.8,62656.1375,47.76535621724473,312.72267013814417,-42.044090934934715,18.664407554897174,29.032258064516128,Sell
20.5.2019,62000.0,62005.0,61320.0,63255.0,63268.493069808785,63513.509523809524,63984.8,62703.30499999999,40.98587548295448,162.17269064149878,-99.5254190993206,18.47163495208473,17.52577319587629,Sell
17.5.2019,60479.0,60479.0,59900.0,63153.95,63002.82706316033,63249.12857142857,63581.65000000001,62743.17250000001,33.254630515526955,-78.96102766090189,-176.72095548317074,19.24372156146962,10.924528301886792,Buy
16.5.2019,59500.0,59500.0,58500.0,63043.9,62669.224485716484,62901.13333333333,62991.700000000004,62778.284999999996,29.409265607133662,-345.0804818561155,-213.5647228281767,20.688096312965325,14.925373134328359,Buy
15.5.2019,58500.0,58999.0,58000.0,62893.9,62272.15548707682,62468.380952380954,61991.700000000004,62808.395,26.09054579646417,-629.4181683981587,-211.11853077709776,22.256225141278,6.944444444444445,Buy
14.5.2019,58959.0,58959.0,57500.0,62766.85,61956.61686925998,62093.62857142857,60910.549999999996,62834.652500000004,29.99544711470891,-808.401618898075,-177.88762605422704,23.93151202692648,18.948051948051948,Buy
13.5.2019,58200.0,59998.0,55000.0,62576.85,61598.84383409237,61658.69047619047,59740.75000000001,62852.66000000001,27.415992915522807,-999.9652724931802,-167.0151632658212,26.354340501492945,31.372549019607842,Buy
10.5.2019,55000.0,55000.0,53302.0,62176.85,60970.38251655976,60937.08571428571,58250.75000000001,62850.417499999996,19.717353364652695,-1393.9257957087975,-211.60520778075005,29.027341633107415,14.27130610186586,Buy
09.5.2019,53202.0,53202.0,53202.0,61636.95,60230.53656260169,60082.3380952381,56771.05,62818.42999999999,16.85364807998728,-1830.1293304708015,-192.75804375131563,31.53227938263108,0.0,Buy
08.5.2019,54799.0,54799.0,52700.0,61176.9,59713.24736616343,59431.10476190476,55550.9,62760.94,26.995745621422117,-2023.6320505211334,-143.24074592790384,32.31187794164678,16.792,Buy
07.5.2019,52800.0,53000.0,52031.0,60581.9,59054.84285510024,58633.304761904765,54105.9,62666.947499999995,23.183686400442085,-2311.639799272576,-148.0443386348019,33.26672826104859,6.192124969804332,Buy
06.5.2019,53000.0,53000.0,52800.0,60031.9,58478.191154614506,57911.219047619044,52855.9,62539.705,24.33491539376304,-2494.9890064223073,-123.03330146618539,34.15337498620742,8.523177060427479,Buy
03.5.2019,52500.0,52500.0,52005.0,59506.9,57908.83961607979,57193.89523809524,51785.1,62382.9625,23.3911072314379,-2650.091786879537,-117.58376523628309,35.255500790020506,4.421616793211255,Buy
02.5.2019,52800.0,52800.0,52503.0,58996.9,57422.283462167434,56555.142857142855,50955.1,62196.972499999996,25.26402843650925,-2717.4789591821536,-99.35847165947818,35.97574525337755,7.230559345156889,Buy
30.4.2019,52500.0,52500.0,52500.0,58409.4,56953.49456100863,55936.39047619048,50342.6,61975.05750000001,24.61592959420723,-2763.238379542534,-92.18501677138319,36.64573634370699,4.95,Buy
25.4.2019,52500.0,52500.0,52500.0,57784.4,56529.35222186495,55373.590476190475,49675.799999999996,61714.3925,24.61592959420723,-2767.599881197617,-82.84324331412307,37.26787092758433,5.841397215010621,Buy
24.4.2019,52102.0,52500.0,52102.0,57139.55,56107.699629306386,54832.409523809525,49101.05,61414.6125,23.681225796937426,-2771.2267000875217,-78.77463484605893,38.02078120586651,1.2135618666333041,Buy
23.4.2019,52500.0,52500.0,52400.0,56542.05,55764.109188420065,54390.54761904762,49198.55,61078.9625,26.679476912812177,-2710.7380060543946,-68.44500599740321,38.7199121785571,6.192918803953459,Buy
22.4.2019,52001.0,52500.0,52001.0,55977.1,55405.717837141965,53958.066666666666,49523.299999999996,60713.065,25.33556921769741,-2672.261245703041,-68.427572430089,39.55402600256152,0.0,Buy
19.4.2019,52500.0,52500.0,52500.0,55442.1,55128.98280503321,53626.91428571429,49598.50000000001,60319.9175,29.177487669640556,-2571.8562483257338,-58.03476896374878,40.32856026770848,6.239839939977491,Buy
18.4.2019,52800.0,52800.0,52800.0,54932.1,54907.17491883957,53375.28571428572,50108.50000000001,59901.27250000001,31.460868614529915,-2439.950837294222,-48.11370310196646,40.60236582381532,26.64221407135712,Buy
17.4.2019,52750.0,53000.0,52500.0,54469.6,54701.7296884739,53167.46666666667,50521.00000000001,59462.0025,31.279857499898455,-2312.789038482697,-46.148252252675995,41.0270881901399,26.769120800571837,Sell
16.4.2019,52300.0,52300.0,52000.0,54060.65,54472.99352766686,52960.8380952381,50889.950000000004,59007.33750000001,29.627670385113603,-2222.7017141889664,-60.46036731159423,41.693505259305766,10.718113612004288,Sell
15.4.2019,51500.0,51500.0,51500.0,53660.65,54189.85128693668,52716.96666666667,51029.950000000004,58538.175,26.906738445745404,-2190.608206959536,-86.95366883487415,42.565015698642654,0.0,Sell
12.4.2019,51500.0,51500.0,51500.0,53310.65,53933.67497389509,52511.19047619047,51179.950000000004,58059.0125,26.906738445745404,-2140.4995251477667,-93.20154324621979,43.37427539231262,0.0,Sell
11.4.2019,51500.0,51600.0,51500.0,52937.7,53701.8964049527,52338.747619047615,51352.90000000001,57567.55500000001,26.906738445745404,-2076.8474294246116,-105.48537739193938,43.94698326777712,0.0,Sell
10.4.2019,51500.0,51600.0,51500.0,52602.7,53492.1919854334,52201.82380952381,51567.5,57068.847499999996,26.906738445745404,-2003.30977688454,-124.04104334483947,44.478783437851305,0.0,Sell
09.4.2019,51000.0,51000.0,51000.0,52402.7,53254.840367773075,52049.18571428571,51467.5,56580.14,24.97831640059472,-1962.7511057846496,-174.30045518308734,45.27177476567181,0.0,Sell
08.4.2019,50600.0,50600.0,50600.0,52272.6,53001.99842798516,51877.5,51317.4,56111.92250000001,23.525676964397164,-1940.5156671077057,-188.1423184508633,46.22738834112901,0.0,Sell
05.4.2019,50501.0,51000.0,50501.0,52057.7,52763.80810151038,51708.776190476194,51132.5,55655.9625,23.16657613594832,-1908.878036610302,-153.1121735579766,46.3297855647047,0.0,Sell
04.4.2019,51000.0,51000.0,51000.0,51967.7,52595.82637755701,51608.04285714286,50862.5,55225.2525,29.04558026042197,-1822.5308556039527,-100.60918754273648,46.42486870088213,19.967987194877953,Sell
03.4.2019,51499.0,51500.0,51499.0,51892.65,52491.366722551575,51563.40476190476,50687.35,54818.29,34.44726320634764,-1694.3040801077586,-42.59698960451737,45.55067798324342,39.935974389755906,Sell
02.4.2019,51500.0,51500.0,51001.0,51842.65,52396.95084421332,51526.009523809524,50577.35,54435.0775,34.45803165779762,-1574.4534260283253,-54.34076259725717,45.15804398805936,39.975990396158466,Sell
01.4.2019,51500.0,51500.0,51500.0,51777.65,52311.526954288245,51493.37619047619,50642.35,54074.115000000005,34.45803165779762,-1462.6108517378452,-32.061814631840384,44.79345527824559,39.975990396158466,Sell
29.3.2019,51500.0,51500.0,51500.0,51727.65,52234.23867292746,51466.933333333334,50692.35,53740.027500000004,34.45803165779762,-1358.3169732853348,-27.96476793742138,44.45490861913281,39.975990396158466,Sell
28.3.2019,51501.0,51501.0,51500.0,51677.7,52164.40641836294,51445.34761904762,50742.5,53434.692500000005,34.47147622606742,-1261.0460773662853,-23.758922190002323,44.13830752207097,55.58643690939411,Sell
27.3.2019,51001.0,51001.0,51001.0,51622.65,52053.60580709028,51380.9,50697.74999999999,53158.847499999996,31.042682837105787,-1210.3518303942037,-81.62157703011995,44.30378110579243,45.49590536851683,Sell
26.3.2019,51500.0,51500.0,51500.0,51572.65,52000.88144451025,51369.219047619044,50847.74999999999,52910.37749999999,37.702568869765095,-1117.0346644714155,-11.694009216590258,43.37430728649942,90.90081892629664,Sell
25.3.2019,51900.0,51900.0,51900.0,51567.6,51991.27368789023,51400.39523809524,51112.799999999996,52689.902500000004,42.49683684296243,-999.2843531134276,51.549520355939435,41.7417835545865,100.0,Sell
22.3.2019,51500.0,51500.0,51500.0,51517.6,51944.48571761497,51393.95714285714,51362.6,52493.677500000005,39.24436077741231,-927.5508117006102,-2.93345116233417,40.68677815078343,71.40814867762688,Sell
21.3.2019,51500.0,51500.0,51500.0,51452.6,51902.153744508774,51392.280952380956,51527.6,52319.7025,39.24436077741231,-860.7789395201908,10.539731637811084,39.707130275823445,71.40814867762688,Sell
20.3.2019,51999.0,51999.0,51999.0,51415.05,51911.3771974127,51444.31904761905,51665.149999999994,52166.975,45.301189679463285,-758.8490802389933,135.63947855022414,37.84414083330831,100.0,Sell
19.3.2019,51999.0,52000.0,51800.0,51400.0,51919.722226230544,51499.933333333334,51780.0,52033.9425,45.301189679463285,-670.3416511128307,126.97845440322698,36.38071031032244,99.9332888592395,Sell
18.3.2019,52000.0,52100.0,52000.0,51425.0,51927.367728494304,51557.07619047619,51855.0,51922.159999999996,45.31386050170046,-593.2792305597104,136.7122649659346,34.83034354011281,90.9090909090909,Sell
15.3.2019,52100.0,52200.0,52100.0,51455.0,51943.808897209135,51621.36190476191,51945.0,51829.377499999995,46.64488982052655,-518.1644653906333,142.93176347683843,33.19406891004662,91.65971643035863,Sell
14.3.2019,52000.0,52900.0,52000.0,51480.0,51949.16043080827,51673.26666666667,52019.8,51756.4925,45.45347731900259,-461.3860657237965,158.5262368519737,31.196572374179624,52.60663507109005,Sell
13.3.2019,51750.0,52001.0,51001.0,51492.5,51930.192770731286,51698.98095238095,52157.100000000006,51700.9825,42.52887595809838,-431.5866236403963,16.653241914043022,30.027570500743856,39.44181147972617,Sell
12.3.2019,51500.0,51500.0,51500.0,51517.5,51889.22203066164,51699.695238095235,52132.100000000006,51656.722499999996,39.77292325685311,-423.26413626861176,-5.02813194869438,28.942068761124933,26.276987888362296,Sell
11.3.2019,51500.0,51600.0,51251.0,51562.5,51852.15326583672,51698.02857142857,52007.100000000006,51621.2175,39.77292325685311,-411.9201460340919,-26.620932780714778,28.251827642752193,26.276987888362296,Sell
08.3.2019,51600.0,51600.0,51600.0,51617.45,51828.13866909036,51701.6,51972.15000000001,51599.205,41.53062689195723,-390.3609497416983,-3.4075526303518857,27.610889461406078,31.542917324907847,Sell
07.3.2019,51600.0,51650.0,50600.0,51647.45,51806.41117679604,51699.938095238096,51962.15000000001,51583.1925,41.53062689195723,-369.02128370359424,-90.58214146305059,28.14387656391461,43.47826086956522,Sell
06.3.2019,51000.0,51000.0,51000.0,51622.5,51729.61011233927,51638.276190476194,51787.3,51569.685,34.52015542247872,-395.96004924407316,-149.7194442719009,28.638793159101105,17.391304347826086,Sell
05.3.2019,51000.0,51000.0,51000.0,51597.5,51660.123434973626,51578.990476190476,51612.5,51557.427500000005,34.52015542247872,-412.5535544482118,-139.63131993183964,29.098358568917128,17.391304347826086,Sell
04.3.2019,51600.0,51600.0,51161.0,51602.5,51654.397393547566,51579.22857142857,51527.5,51548.67,45.240475959101474,-372.9894510674276,-30.77864645028759,28.29134653258738,43.47826086956522,Sell
01.3.2019,51499.0,51500.0,51000.0,51602.45,51639.59764178113,51569.37142857143,51407.350000000006,51542.409999999996,43.936468474704576,-345.7983221956747,-56.05695948656335,27.751211685486048,39.08695652173913,Sell
28.2.2019,50500.0,50516.0,50500.0,51552.4,51531.06453304007,51464.37619047619,51157.4,51536.145000000004,33.61548471954225,-400.24631727112865,-207.41162437649055,27.852633269187844,0.0,Buy
27.2.2019,51000.0,51000.0,50521.0,51552.35,51480.486958464826,51411.76666666667,51007.450000000004,51532.63,41.07613028397616,-398.45775139268517,-135.02033979420884,27.024889141145845,20.833333333333332,Buy
26.2.2019,50504.0,50800.0,50504.0,51502.55,51387.4882005158,51311.92380952381,50858.05,51529.125,36.67308257147766,-432.08257583102386,-153.24178873102997,26.278790684719013,0.16666666666666666,Buy
25.2.2019,51600.0,51600.0,51600.0,51487.55,51407.727419514296,51321.20476190476,50893.05,51525.122500000005,49.5435453105878,-366.07259411369887,26.019260220003883,24.551861435233572,45.833333333333336,Buy
22.2.2019,51520.0,51700.0,51520.0,51488.55,51418.42004622722,51324.29523809524,50876.05,51523.67,48.764480600305234,-316.56537089798803,21.423683028379166,23.09594241111568,67.95469686875417,Buy
21.2.2019,51550.0,51550.0,51550.0,51491.05,51430.95147039606,51330.14761904762,50863.55,51525.5925,49.08779445354133,-271.77691543383844,15.450355693797857,21.744017603006203,87.5,Buy
20.2.2019,51500.0,51600.0,51499.0,51466.1,51437.52752083453,51331.0,50988.50000000001,51528.145000000004,48.53803989704412,-237.57767636154313,17.46496119774091,20.39687421066287,83.33333333333333,Buy
19.2.2019,51300.0,51420.0,51300.0,51431.15,51424.42966170743,51315.18095238095,51083.450000000004,51529.7025,46.30415910147603,-224.03037878226314,-14.009271662333285,19.096112827194613,66.66666666666667,Buy
18.2.2019,51400.0,51400.0,51400.0,51401.15,51422.1030272591,51312.21428571428,51073.450000000004,51528.51,47.602658347603715,-202.8861384704942,4.375692019419743,17.888262971116948,75.0,Sell
15.2.2019,51400.0,51500.0,51300.0,51366.15,51419.99797704395,51312.10476190476,51088.65,51524.0675,47.602658347603715,-184.0080454801282,13.44250227108822,16.766688104759115,75.0,Sell
14.2.2019,51299.0,51299.0,51299.0,51331.1,51408.47436018262,51305.70952380952,51283.50000000001,51516.622500000005,46.291388714055685,-175.1775390577095,1.6547402145870873,15.727386048633061,66.58333333333333,Sell
13.2.2019,51300.0,51300.0,51000.0,51308.6,51398.143468736656,51302.747619047615,51366.00000000001,51507.427500000005,46.30715903351284,-166.18295380870404,-19.664999688000446,15.39475956991147,66.66666666666667,Sell
12.2.2019,50900.0,50900.0,50700.0,51278.6,51350.70123361888,51263.833333333336,51475.200000000004,51495.4825,41.10763346846069,-189.1509231571108,-100.47082839457235,15.651993733023627,33.333333333333336,Sell
11.2.2019,50501.0,50700.0,50501.0,51228.65,51269.77730660755,51189.776190476194,51305.35,51478.79,36.68299351114331,-236.819264690399,-138.6357664327473,16.237165934606185,0.08333333333333333,Sell
08.2.2019,50420.0,50420.0,50420.0,51169.65,51188.84613454969,51112.76190476191,51144.35,51456.4,35.83962814351122,-277.9289993425118,-143.66572499048408,16.919609704318688,0.0,Sell
07.2.2019,50002.0,50002.0,50000.0,51089.75,51075.81316935448,51001.55714285714,50914.649999999994,51428.515,31.779215990440093,-340.3149282085069,-183.83203315420982,18.215491245661173,0.11764705882352941,Buy
06.2.2019,50000.0,50000.0,50000.0,51039.75,50973.3547722731,50897.77142857143,50664.649999999994,51399.3775,31.760674922555395,-385.4741040640947,-153.72708727030908,19.418809819764906,0.0,Buy
05.2.2019,50000.0,50000.0,50000.0,50989.75,50880.6543177709,50798.747619047615,50454.649999999994,51368.990000000005,31.760674922555395,-416.4623574658908,-130.08526838986126,20.536177067146948,0.0,Buy
04.2.2019,50000.0,50001.0,50000.0,50909.75,50796.7824779832,50704.485714285714,50254.649999999994,51334.3525,31.760674922555395,-435.99489380671,-114.6688752269612,21.570149749251392,0.0,Buy
01.2.2019,50300.0,50300.0,50000.0,50849.8,50749.46986103242,50646.41428571429,50094.59999999999,51296.72,38.484570148675054,-422.3979363095641,-80.81835437607361,21.500258735379088,18.75,Buy
31.1.2019,50400.0,50400.0,50000.0,50844.8,50716.18701712457,50603.57619047619,49919.8,51261.340000000004,40.58611000605117,-398.95418970855826,-69.41057722034193,21.11627492985725,26.666666666666668,Buy
30.1.2019,50000.0,50000.0,50000.0,50794.8,50647.978729779374,50523.119047619046,49709.8,51223.4625,35.37955345419029,-407.94892738915223,-90.16965925418451,20.759718539015548,0.0,Buy
29.1.2019,50500.0,50500.0,50500.0,50794.6,50633.88551741943,50495.04285714286,49630.00000000001,51188.065,44.89555475421079,-370.461056029053,-32.20804210645496,19.591840110972704,33.333333333333336,Buy
28.1.2019,50500.0,50500.0,50500.0,50739.6,50621.13451576044,50466.985714285714,49684.799999999996,51150.667499999996,44.89555475421079,-336.86843822807714,-27.47760823310814,18.507381570647205,38.46153846153846,Buy
25.1.2019,50400.0,50400.0,49600.0,50683.6,50600.074085688015,50434.642857142855,49736.799999999996,51110.42,43.41269312108844,-314.68768709365395,-65.92712842712729,18.88119745036115,47.05882352941177,Buy
24.1.2019,49900.0,49900.0,49500.0,50601.1,50533.40036324154,50360.014285714286,49798.9,51065.9225,36.85759793837332,-333.6094611382723,-106.23530048596137,19.39855109950367,28.571428571428573,Buy
23.1.2019,50000.0,50000.0,49989.0,50526.1,50482.60032864711,50302.76666666667,49873.9,51018.9225,38.84643290779084,-336.6551876844751,-71.43157851687866,19.58560979749979,41.666666666666664,Buy
22.1.2019,49501.0,50000.0,49500.0,50436.15,50389.11458306167,50205.13809523809,49864.049999999996,50969.1725,33.22299772549853,-375.01118212739675,-110.90727109806522,20.57463775712643,0.1,Buy
21.1.2019,49500.0,49500.0,49500.0,50341.15,50304.43700372247,50115.98095238095,49859.049999999996,50916.1725,33.21262153724658,-400.86831529917254,-128.39393029637463,21.493020862494024,0.0,Buy
18.1.2019,50000.0,50000.0,50000.0,50271.15,50275.44300336795,50083.490476190476,49869.049999999996,50861.4225,42.82744500045825,-376.6724131938827,-44.35545315461919,20.936144876940073,50.0,Sell
17.1.2019,50000.0,50200.0,50000.0,50206.2,50249.21033638053,50057.666666666664,49854.0,50805.1775,42.827445000458255,-353.42294672171556,-25.06433312863697,19.93261299808881,50.0,Sell
16.1.2019,50102.0,50500.0,50100.0,50146.3,50235.19030434429,50047.74285714285,49934.3,50747.0625,44.71060948241605,-323.0431886968363,27.457009529356363,18.690489207452707,60.2,Sell
15.1.2019,50500.0,50501.0,50400.0,50126.3,50260.410275359114,50081.42857142857,49954.3,50689.447499999995,51.43280661425638,-263.81069236740586,104.06216189633078,17.53929238476091,99.9000999000999,Sell
14.1.2019,50399.0,50399.0,50350.0,50121.2,50273.609296753486,50107.4,49939.2,50634.075,49.77880144540879,-222.454056298855,85.75739318946016,16.347518834657432,89.81018981018981,Sell
11.1.2019,50001.0,50001.0,49550.0,50100.25,50247.64650658649,50095.95238095238,49880.350000000006,50580.604999999996,43.80117488304869,-219.26633224174293,-72.75400581688699,16.73313056487462,50.04995004995005,Sell
10.1.2019,49900.0,49900.0,49100.0,50095.15,50214.537315483016,50076.880952380954,49885.450000000004,50530.875,42.40939856318936,-222.32704607458436,-127.24033120217872,17.759276914255484,57.10206995003569,Sell
09.1.2019,49500.0,49500.0,49000.0,50070.15,50146.48614257987,50020.2,49810.450000000004,50482.395,37.347961031782546,-254.10023160088167,-182.5027159451269,18.8489849704198,33.311125916055964,Sell
08.1.2019,48480.0,48480.0,48350.0,49994.15,49987.773176619885,49868.75714285715,49682.24999999999,50432.615,28.12885698513547,-357.4655452570951,-292.6939577195438,20.640464762008698,6.04370060437006,Buy
04.1.2019,48480.0,48480.0,48480.0,49918.15,49844.175731227515,49724.55238095238,49554.24999999999,50383.034999999996,28.12885698513547,-434.37608393067785,-215.71197385904787,22.303981711341244,6.04370060437006,Buy
03.1.2019,48000.0,48000.0,47900.0,49803.15,49668.539947301084,49541.87142857143,49269.24999999999,50330.7025,24.789248113274027,-527.9740719634865,-225.61239763652776,24.426563254926545,3.8446751249519417,Buy
02.1.2019,47500.0,47500.0,47500.0,49658.15,49462.01233327241,49322.52380952381,48914.24999999999,50271.37,21.875719322976636,-635.1750703143844,-217.2542672109831,26.729253242480315,0.0,Buy
28.12.2018,47500.0,47500.0,47390.0,49533.15,49275.1540158179,49116.985714285714,48518.85,50208.287500000006,21.875719322976636,-711.9259941469863,-173.92365706062995,28.953724322194322,3.5358405657344907,Buy
27.12.2018,47000.0,47000.0,46100.0,49358.15,49058.4726809781,48875.73333333333,47993.85,50136.465,19.251554393353004,-803.8314074728405,-187.12847213488578,31.802652377914935,20.449897750511248,Buy
26.12.2018,46001.0,46001.0,46001.0,49133.2,48767.28480659923,48556.00476190476,47339.2,50056.145000000004,15.301934580720243,-946.3689089962572,-186.45892019490375,34.49496507276744,0.0,Buy
25.12.2018,46011.0,46011.0,46011.0,48913.75,48504.78149168502,48258.65238095238,46760.649999999994,49967.652500000004,15.488840367691978,-1046.4610380075246,-153.56553873011438,36.96729518983635,0.2222222222222222,Buy
24.12.2018,47000.0,47000.0,46800.0,48768.75,48361.468968667396,48076.39047619048,46325.649999999994,49876.035,31.57178130676064,-1034.0607283951758,-91.5733797189443,36.89801151862753,22.2,Buy
21.12.2018,46800.0,46800.0,46800.0,48608.75,48212.757638318115,47888.89047619048,45945.649999999994,49780.1675,30.31536769251295,-1028.515634215757,-87.98595933505543,36.83367668107648,18.167348794906776,Buy
20.12.2018,46800.0,47000.0,46800.0,48473.7,48078.209291811625,47716.62857142857,45744.7,49682.045,30.31536769251295,-1012.4502113205963,-76.47444803278637,36.34744956301198,19.975,Buy
19.12.2018,47500.0,47500.0,47499.0,48373.7,48023.14174021052,47623.89523809524,45648.7,49583.6725,40.006512207021146,-932.4849915443847,-40.85245042655297,34.91417801284552,38.44575532187741,Buy
18.12.2018,47000.0,47000.0,47000.0,48223.7,47925.69966971428,47493.066666666666,45598.7,49481.3,36.140293805337336,-899.0936086251895,-59.42466780187096,34.19335650393145,28.551014575593026,Buy
17.12.2018,47000.0,47000.0,46500.0,48073.7,47837.537796408156,47376.52380952381,45648.7,49374.675,36.140293805337336,-862.6861877212577,-62.46676039576829,34.05655302800728,40.298507462686565,Buy
14.12.2018,46510.0,47120.0,46510.0,47894.1,47711.10562532167,47227.6,45630.299999999996,49262.064999999995,32.5635867624498,-863.4189925660758,-63.84857711521461,33.693391747854044,20.53247277127874,Buy
13.12.2018,47500.0,47500.0,47500.0,47744.1,47691.00032767199,47190.066666666666,45880.299999999996,49142.955,44.512097932384215,-775.1792357628365,-12.740723823195927,32.63269293731794,74.98749374687344,Buy
12.12.2018,47500.0,47500.0,47500.0,47599.15,47672.809820274655,47166.81904761905,46325.049999999996,49016.85249999999,44.512097932384215,-697.2115717630004,-4.059794270223327,31.647758327534415,100.0,Sell
11.12.2018,47000.0,47001.0,47000.0,47449.1,47608.73269453421,47109.75714285715,46672.9,48884.295,40.32687954104445,-668.0664039937546,-37.66123948772317,31.353545147216074,66.6444296197465,Sell
10.12.2018,46500.0,46500.0,46051.0,47279.1,47503.139104578564,47019.36666666667,46742.9,48743.4925,36.61895652017527,-677.5046183740487,-91.99275334360443,32.00944475546178,33.28885923949299,Sell
07.12.2018,46500.0,46500.0,46050.0,47129.1,47407.60204699965,46945.166666666664,46832.9,48596.439999999995,36.61895652017527,-677.1783804284132,-88.97736814667113,32.61935931745524,33.28885923949299,Sell
06.12.2018,46010.0,46010.0,46000.0,47005.6,47274.49709014254,46838.58571428571,46798.4,48447.0125,33.15421902525996,-708.2939674461813,-125.29162631670462,33.23176696523246,0.6666666666666666,Sell
05.12.2018,46300.0,47101.0,46300.0,46896.6,47181.6878434623,46771.385714285716,46667.4,48295.935,36.956063075984545,-701.466647104593,-46.505834404551585,31.752101904162068,20.0,Sell
04.12.2018,48000.0,48000.0,48000.0,46896.6,47259.62233456113,46876.47142857143,46867.4,48150.6075,53.6117879220165,-552.5111494340672,166.7535019426286,29.817372295856043,100.0,Sell
03.12.2018,48000.0,48000.0,48000.0,46921.6,47330.13449317436,46981.55714285714,47042.4,48013.78,53.6117879220165,-429.51170083825855,153.60017951810553,28.020837659571875,100.0,Sell
30.11.2018,47500.0,47500.0,47500.0,46921.6,47346.31216049109,47036.642857142855,47240.4,47883.2025,49.17981075096149,-368.13593113113166,82.86723134253698,26.356453385103638,75.0,Sell
29.11.2018,47500.0,47500.0,47499.0,46946.6,47360.94909758718,47091.72857142857,47215.4,47762.625,49.17981075096149,-315.8542206069469,74.03441017111335,24.81226787329211,75.0,Sell
28.11.2018,47500.0,47500.0,47500.0,47021.55,47374.19204067412,47144.433333333334,47140.45,47657.042499999996,49.17981075096149,-271.29328819505463,66.08012669999933,23.378381326609976,75.0,Sell
27.11.2018,47998.0,48000.0,47998.0,47120.9,47433.60232251468,47237.42857142857,47240.700000000004,47567.4,53.91868788652231,-193.56271963080508,119.18737219942071,22.123428098462295,99.9,Sell
26.11.2018,48500.0,48500.0,48450.0,47195.9,47535.164006084706,47368.77142857143,47565.700000000004,47488.75749999999,58.15459124516788,-90.41127452057117,155.8331564638234,21.616337253811007,100.0,Sell
23.11.2018,47000.0,48000.0,47000.0,47205.9,47484.196005505204,47350.114285714284,47655.700000000004,47418.615,44.87940736837018,-128.22240698952373,13.514286992837974,20.922001985684034,40.0,Sell
22.11.2018,47000.0,47301.0,47000.0,47215.9,47438.08210021899,47330.50476190476,47843.700000000004,47355.725,44.87940736837018,-156.38528961347038,-17.46259234614672,20.277262093851846,40.0,Sell
21.11.2018,48000.0,48020.0,48000.0,47240.9,47491.59809067433,47405.18095238095,48158.700000000004,47299.08500000001,53.148504665791116,-96.8959778275239,91.2730642196959,18.92730841357528,80.0,Sell
20.11.2018,48500.0,48500.0,48500.0,47315.9,47587.636367752966,47525.09523809524,48183.700000000004,47253.695,56.65025708774743,-9.297275113996875,134.13076264270555,18.227351291857282,100.0,Sell
19.11.2018,48500.0,49428.0,48500.0,47390.9,47674.52814225268,47637.86666666667,48208.700000000004,47219.555,56.65025708774743,59.44013897909463,150.93119692873617,18.490058640177043,72.92882147024504,Sell
16.11.2018,49900.0,49900.0,48250.0,47560.4,47886.47784299053,47876.828571428574,48519.200000000004,47202.87,65.11679346209131,224.29776951950043,179.86563860350245,19.132897362783662,100.0,Sell
15.11.2018,48500.0,48500.0,48500.0,47610.4,47944.90852461047,47966.31428571429,48669.200000000004,47196.185,53.80080040106233,239.22271915065357,82.9780746823051,19.729819033775524,51.724137931034484,Sell
14.11.2018,49899.0,50000.0,49899.0,47730.35,48131.01247464758,48184.276190476194,49029.049999999996,47202.745,61.07948084254185,359.79101052378246,178.60705633258013,21.36443940264122,96.63333333333334,Sell
13.11.2018,49999.0,51000.0,48001.0,47880.3,48308.91604849067,48400.3380952381,49279.3,47224.305,61.54584847738282,458.1303725907637,138.30446101144307,20.62770588754807,74.975,Sell
12.11.2018,47400.0,47400.0,47400.0,47925.3,48222.352615301075,48354.59523809524,49014.3,47256.615000000005,46.088544843733885,322.6283870581683,-43.38867582134271,19.386939723106348,10.0,Sell
09.11.2018,47400.0,47400.0,47400.0,47970.3,48144.03331860574,48304.566666666666,49049.3,47298.675,46.088544843733885,212.7891860049058,-51.40433962781795,18.234799713267606,10.0,Sell
08.11.2018,47100.0,47100.0,47100.0,48024.8,48044.601573976615,48221.68095238095,49014.8,47349.635,44.58937545418851,100.37625998305157,-88.60453753176638,16.987617002749474,2.5,Sell
07.11.2018,47100.0,47500.0,47100.0,48064.8,47954.63951931217,48133.60476190476,48794.8,47408.045,44.58937545418851,11.159565692614706,-81.81995416037927,16.10101032524025,2.5,Buy
06.11.2018,47500.0,47500.0,47500.0,48039.8,47911.34051747292,48079.81428571429,48619.8,47465.205,47.24303740161576,-26.957896394676936,-51.81277639629518,15.277732696124543,12.5,Buy
05.11.2018,48000.0,48000.0,48000.0,48039.8,47919.784277713596,48076.02380952381,48519.8,47521.115000000005,50.43820936521118,-16.628752487056772,-3.900092471479701,15.000304893443124,25.0,Buy
02.11.2018,48000.0,48000.0,47999.0,48064.8,47927.423870312305,48072.23333333333,48114.8,47578.275,50.43820936521118,-8.34661691855581,-6.489192733611678,14.741468984471632,23.076923076923077,Buy
01.11.2018,48000.0,48000.0,48000.0,48089.8,47934.335882663516,48066.061904761904,47989.8,47635.435000000005,50.43820936521118,-1.7626461236504838,-9.151771074550833,14.50112135471239,23.076923076923077,Buy
31.10.2018,47999.0,48000.0,47999.0,48114.75,47940.4943700289,48057.41428571429,47584.850000000006,47690.095,50.43057992873839,3.336050608813821,-12.057141870065632,14.276521896052488,23.05128205128205,Buy
30.10.2018,48000.0,48000.0,48000.0,48114.85,47946.16157288329,48046.485714285714,47184.950000000004,47739.792499999996,50.43865340517854,7.372510435001459,-11.995826336919274,14.067965255868293,23.076923076923077,Buy
29.10.2018,48000.0,48000.0,48000.0,48089.85,47951.28904213251,48035.54761904762,47329.950000000004,47784.490000000005,50.43865340517854,10.450961746857502,-9.831184215706182,13.874305518554397,23.076923076923077,Buy
26.10.2018,48000.0,48000.0,47102.0,48139.85,47955.92818097703,48026.990476190476,47399.950000000004,47831.1875,50.43865340517854,12.743754521135997,-44.73544221702445,13.398463742263386,23.076923076923077,Buy
25.10.2018,48000.0,48110.0,48000.0,48189.85,47960.12549707446,48013.671428571426,47529.950000000004,47879.885,50.43865340517854,14.394874164558132,-13.759584443362542,12.791776801041019,23.076923076923077,Buy
24.10.2018,49000.0,50000.0,49000.0,48239.85,48059.16116401975,48090.828571428574,47859.950000000004,47929.832500000004,59.34499749788602,95.29652204286685,113.34141517259003,13.662043615993332,65.51724137931035,Buy
22.10.2018,50000.0,52399.0,49501.0,48314.85,48244.00295792263,48258.461904761905,48284.950000000004,47979.78,65.93708376445846,237.36708351968264,193.97575566198284,15.971926807764762,54.72730703906397,Buy
19.10.2018,48000.0,48000.0,46920.0,48289.85,48220.76458097762,48228.47619047619,48309.950000000004,48024.7275,48.86980811378168,186.42673044858384,-54.03689579953953,15.560682262400261,19.711626209162254,Buy
18.10.2018,46920.0,46920.0,46920.0,48140.85,48096.882239932136,48098.014285714286,48242.950000000004,48053.75,42.47603935788949,58.2378301171193,-112.04677030541103,15.178812327418939,0.0,Buy
17.10.2018,46000.0,46000.0,45001.0,48015.85,47897.17916946241,47894.12380952381,47967.950000000004,48074.02250000001,37.92425101805921,-116.24906136898062,-206.39454582855714,14.73858181542756,13.503649635036496,Buy
16.10.2018,45000.0,45010.0,45000.0,47770.9,47621.25734379932,47606.9,47613.1,48076.05,33.697275875400564,-331.4026195262559,-228.36720895254678,14.330432620617307,0.0,Buy
15.10.2018,45200.0,45310.0,45200.0,47530.95,47390.66140629462,47362.05238095238,47293.05,48058.582500000004,35.25165177583983,-480.23913808791986,-182.79207252960913,13.712662832986618,2.703067982159751,Buy
12.10.2018,46500.0,46500.0,46500.0,47485.95,47305.83651045703,47263.86666666667,47038.05,48036.615000000005,44.379305019295316,-487.6724316836626,-74.53594477524352,13.201570112438235,20.273009866198134,Buy
10.10.2018,46350.0,46350.0,46100.0,47433.45,47214.80446184208,47155.68095238095,46760.55,48009.7725,43.615290176899336,-499.90452858422213,-81.53869347899216,12.420741926340325,18.24570887957832,Buy
09.10.2018,45000.0,45030.0,44999.0,47328.45,47003.8707035714,46923.92380952381,46265.55,47974.955,37.37838643696874,-611.4834702745866,-143.0102300321584,12.149813783823348,0.013513513513513514,Buy
08.10.2018,44000.0,44000.0,43700.0,47173.45,46717.78777942175,46606.92857142857,45420.55,47930.3875,33.55112383410183,-771.7064762111986,-169.70605141416652,12.676515147944395,3.448672261179446,Buy
05.10.2018,45000.0,45000.0,44500.0,47048.45,46554.18894328634,46399.933333333334,44545.55,47880.82,40.15063738753207,-808.670865748878,-105.02403504857722,12.397514348734477,14.944246465110933,Buy
04.10.2018,45510.0,47050.0,45500.0,46923.95,46454.74237725907,46253.41428571429,44172.05,47825.0275,43.24643317833971,-787.7321867171559,-43.59191192526529,12.172937497594395,20.80698930911599,Buy
03.10.2018,47500.0,47500.0,47500.0,46898.95,46554.29072228202,46308.276190476194,44313.05,47766.735,53.37981394747226,-603.603795034549,28.599127484246253,12.208742912079625,43.68318197493965,Buy
02.10.2018,48000.0,48000.0,47999.0,46898.95,46691.977320159924,46413.13809523809,44713.05,47707.1925,55.52836609076359,-412.57894348795526,52.820902473891934,12.511200385725314,49.43096907690539,Buy
01.10.2018,48000.0,48000.0,47555.0,46899.0,46816.550908716126,46518.0,45313.0,47646.405,55.52836609076359,-258.2138439174014,46.228058639103836,12.462372167183018,100.0,Buy
28.9.2018,48506.0,48506.0,48204.0,46924.3,46977.45082217173,46671.04761904762,45948.899999999994,47586.877499999995,57.8104253703557,-93.96524631747889,71.24503396129695,12.709201982960542,100.0,Sell
27.9.2018,48200.0,48200.0,47200.0,46934.3,47093.884077202994,46792.54285714286,46278.899999999994,47529.1,55.940910352212185,11.380124979521497,45.88589516439203,12.191653878463011,93.63295880149813,Sell
26.9.2018,48000.0,48000.0,47200.0,46934.3,47180.18083175509,46894.038095238095,46608.899999999994,47468.8225,54.69590600900004,77.83156830361258,39.32821335133801,11.711073495715306,89.471493965876,Sell
25.9.2018,47205.0,47300.0,47200.0,46894.55,47182.544562064126,46919.81904761905,47089.649999999994,47404.057499999995,49.938215650540144,65.58889206690219,17.69035077403022,11.264820283163866,72.92967124427798,Sell
24.9.2018,47010.0,47500.0,47010.0,46795.05,47166.111746629445,46930.81428571429,47791.149999999994,47331.8175,48.81655711416969,39.69404439350183,21.539809508560687,10.998637842222053,68.8722430295464,Sell
21.9.2018,47025.0,47025.0,47001.0,46646.3,47152.672532664736,46952.71428571428,48344.899999999994,47248.39,48.911615655320624,20.15028573890595,26.268849669031255,10.743307602858431,69.18435289221806,Sell
20.9.2018,47900.0,47900.0,47500.0,46641.3,47223.84657717286,47072.114285714284,48827.899999999994,47165.9625,54.24938786106854,74.40916102960182,71.50923930627336,11.16814688470825,87.39076154806492,Sell
19.9.2018,47000.0,47500.0,47000.0,46645.3,47202.527855537344,47106.276190476194,48723.899999999994,47091.185000000005,48.62219769430258,44.2768364165604,33.78536263063319,11.078983374558293,68.66416978776529,Sell
18.9.2018,47500.0,47500.0,47212.0,46720.3,47230.85853596236,47187.67619047619,48548.899999999994,47026.407499999994,51.62436966033726,60.05035033605964,43.856504459512244,10.996188686561904,74.88766849725413,Sell
17.9.2018,47100.0,47200.0,47000.0,46825.3,47218.39581825166,47223.8380952381,48263.899999999994,46979.1275,49.15003443054374,39.815350126707926,20.397285260720206,10.701490425002822,53.22687957418496,Sell
14.9.2018,47000.0,47300.0,46556.0,46915.3,47197.596216513404,47240.47619047619,47872.7,46948.345,48.52387639739649,15.530773323072935,5.083156492128297,9.978323406377909,22.76923076923077,Sell
13.9.2018,46553.0,46553.0,46553.0,46917.95,47136.206100654985,47205.97142857143,47540.65000000001,46919.945,45.720001863614556,-39.3307130424364,-25.51981273779454,9.3037341821277,0.0,Sell
12.9.2018,46900.0,46900.0,46550.0,46945.45,47113.71028154498,47204.26190476191,47293.15000000001,46895.545,48.221274762280075,-54.18423412033735,-10.355688470348497,9.037179456734066,17.893660531697343,Sell
11.9.2018,46900.0,46900.0,46900.0,47040.45,47093.35692139784,47199.933333333334,47137.15000000001,46881.145000000004,48.221274762280075,-65.20412403470255,-10.124601469730731,8.789664354582834,17.893660531697343,Sell
10.9.2018,47000.0,47000.0,46500.0,47190.45,47084.465786026616,47196.08095238095,46985.15000000001,46881.995,49.006645520982254,-65.11766600140254,-39.67364859512722,8.242067473105129,29.41176470588235,Buy
07.9.2018,46500.0,46510.0,46500.0,47265.45,47028.80237783361,47130.32380952381,46805.15000000001,46892.844999999994,45.30634427672101,-104.19388644822902,-106.00705864250803,7.733584654590118,0.0,Buy
06.9.2018,47000.0,47000.0,47000.0,47339.95,47026.05929423041,47105.04285714286,46550.65000000001,46913.645000000004,49.41927889182069,-93.73572427468025,-45.27089506756498,7.697960244984938,35.714285714285715,Buy
05.9.2018,47000.0,47000.0,46799.0,47314.95,47023.57745668465,47072.666666666664,46575.65000000001,46934.445,49.41927889182069,-84.47379408999404,-51.53753288311714,7.3950587380988395,35.714285714285715,Buy
04.9.2018,46800.0,47000.0,46300.0,47254.95,47002.284365571824,47023.62380952381,46495.65000000001,46952.245,47.75338115597822,-92.20904771635105,-84.30596867367335,7.255954220018724,31.25,Buy
03.9.2018,46001.0,46002.0,46000.0,47155.0,46906.92394980308,46904.2,46375.8,46965.045,41.70497111560413,-160.95650799094437,-186.17498265739476,7.48329207569025,0.05263157894736842,Buy
31.8.2018,47000.0,47000.0,47000.0,47079.7,46915.78833553612,46889.438095238096,46451.100000000006,46972.815,50.198412228168415,-133.29190839992225,-6.481771104854235,7.457699514043877,66.66666666666667,Buy
30.8.2018,47000.0,47042.0,45800.0,47019.7,46923.80849405649,46881.84761904762,46600.5,46977.085,50.19841222816841,-110.09836845367681,-81.1609136184092,7.722756620172402,70.58823529411765,Buy
29.8.2018,45800.0,45800.0,45500.0,46909.7,46816.779113670156,46765.68571428571,46490.5,46975.854999999996,41.728643532418594,-186.3986050376334,-239.61542147561084,8.247780640238386,16.666666666666668,Buy
27.8.2018,45490.0,45500.0,45480.0,46823.95,46690.41919808253,46630.47619047619,46294.25,46972.325,39.857707182212316,-268.7831367767649,-220.69335341399935,8.754386144584458,0.5494505494505495,Buy
24.8.2018,45490.0,45499.0,45200.0,46747.95,46576.09356016991,46503.433333333334,46068.25,46969.969999999994,39.857707182212316,-330.2663666376029,-188.5247990911309,9.498629118645322,15.743756786102063,Buy
23.8.2018,45000.0,45500.0,45000.0,46646.7,46425.9894115823,46336.961904761905,45869.5,46969.99,36.8305388511174,-413.761588133857,-177.48984842379392,10.38403877749509,0.0,Buy
22.8.2018,45000.0,45000.0,44500.0,46501.7,46290.1808961935,46180.13333333333,45614.5,46963.009999999995,36.8305388511174,-474.46284043850756,-176.22288773935983,11.669772962428468,19.66955153422502,Buy
21.8.2018,45000.0,45000.0,45000.0,46401.7,46167.30652512745,46037.114285714284,45314.5,46950.83,36.8305388511174,-516.6138177092362,-131.39638207504942,12.863668991295173,19.66955153422502,Buy
20.8.2018,44500.0,44500.0,44500.0,46251.7,46008.51542749626,45856.0,45004.5,46927.4,33.58015310077174,-583.6367905827792,-151.0028517392052,14.421914035664148,0.0,Buy
17.8.2018,44500.0,44501.0,44500.0,46121.7,45864.84729154424,45689.171428571426,44834.3,46892.219999999994,33.58015310077174,-629.4965352491417,-130.24378389493444,15.867034999826696,0.0,Buy
16.8.2018,45000.0,45000.0,45000.0,46021.7,45782.48088282574,45582.34285714286,44534.3,46847.53999999999,39.747150815952565,-618.3667450561334,-79.40830089039962,16.32093811887727,19.66955153422502,Buy
15.8.2018,45000.0,45000.0,44998.0,45944.05,45707.95889398519,45485.038095238095,44211.95,46798.844999999994,39.74715081595258,-602.5999094911749,-71.40364198270882,16.744632641286692,19.66955153422502,Buy
14.8.2018,44500.0,44500.0,44500.0,45824.05,45592.91518979612,45347.509523809524,44071.95,46742.775,35.8831609625847,-623.2657800942252,-100.53891964435488,17.674016407413145,0.0,Buy
13.8.2018,45000.0,45000.0,45000.0,45729.05,45536.4470764822,45269.02857142857,44068.95,46677.205,41.95954819390241,-592.4682054374207,-56.03053727126412,17.66125148681737,19.66955153422502,Buy
10.8.2018,45000.0,45500.0,45000.0,45629.05,45485.35687872199,45199.59523809524,44070.95,46599.134999999995,41.95954819390241,-561.5872770830902,-37.78199966302383,16.87426160084904,19.66955153422502,Buy
09.8.2018,45500.0,45500.0,45400.0,45579.05,45486.75146170085,45187.304761904765,44220.95,46514.815,47.70713026615494,-491.1069226506879,-7.66118256026074,16.143485278164157,76.92307692307692,Buy
08.8.2018,45000.0,46000.0,45000.0,45479.05,45440.3941796341,45132.15714285714,44320.95,46421.77,43.10971023158039,-470.17665154096903,-14.197011836233589,15.252851832521484,33.333333333333336,Buy
07.8.2018,44000.0,44001.0,44000.0,45329.05,45303.213781573715,44991.29523809524,44270.95,46322.475,35.699822517494496,-528.1922322778846,-150.5742399317613,15.177957674353609,0.0,Buy
06.8.2018,44000.0,44000.0,44000.0,45189.05,45179.0981833286,44864.719047619044,44310.95,46219.18,35.699822517494496,-567.6267501512193,-142.557702500843,15.10841309891201,0.0,Buy
03.8.2018,44500.0,44500.0,44500.0,45114.0,45114.42216586873,44799.09523809524,44386.0,46117.13,41.52789107931802,-552.1680191385822,-75.68636842907391,14.302235506727357,25.0,Sell
01.8.2018,44999.0,44999.0,44999.0,45013.95,45103.42957864314,44788.142857142855,44485.850000000006,46013.8425,46.71834577836367,-493.9576969020345,-1.452920683029404,13.66774506609006,49.95,Sell
31.7.2018,44999.0,45000.0,44999.0,44913.9,45093.483904486646,44786.719047619044,44585.700000000004,45908.552500000005,46.71834577836367,-442.7221715383348,13.075944331581788,13.079872905045516,49.95,Sell
30.7.2018,45000.0,45000.0,44500.0,44873.9,45084.580675487916,44794.91904761905,44725.700000000004,45806.7625,46.729336180334414,-397.455339170323,-9.961250929586605,12.46179343484773,50.0,Sell
27.7.2018,45000.0,45000.0,45000.0,44849.4,45076.52537306049,44806.92857142857,44750.200000000004,45708.035,46.729336180334414,-357.46046664074674,29.12634799340988,11.887862498235501,50.0,Sell
26.7.2018,45497.0,45499.0,45400.0,44849.75,45116.57057562616,44868.60476190476,44849.25,45613.125,52.3899120574355,-282.40510535243084,123.97060034587882,11.452640504381284,74.85,Sell
25.7.2018,45500.0,45667.0,45500.0,44874.75,45153.08766366177,44930.53333333333,44824.25,45524.527500000004,52.42277611286931,-220.1434393248055,132.2110032871028,11.279126521221347,75.0,Sell
24.7.2018,45667.0,45667.0,44000.0,44908.1,45202.03169569398,45005.985714285714,44924.299999999996,45444.8475,54.31334051031008,-155.53223728806188,41.60694223840783,11.759159122958602,83.35,Sell
23.7.2018,44000.0,44000.0,43800.0,44858.1,45087.552486580265,44919.5,44974.299999999996,45367.667499999996,38.05679142468763,-236.11853498248092,-152.47288042810334,12.406200715684829,9.090909090909092,Sell
20.7.2018,43700.0,43700.0,43500.0,44818.1,44955.40463071548,44809.20476190476,44954.299999999996,45295.9875,35.97021081843184,-320.49676212218765,-171.609587697619,13.304506540780979,8.0,Sell
19.7.2018,43500.0,43500.0,43499.0,44768.1,44816.794665885434,44683.671428571426,44804.299999999996,45228.3075,34.60791369423514,-398.90709093965415,-160.8293399371776,14.139659188077271,0.03998400639744103,Sell
18.7.2018,43500.0,43500.0,43000.0,44693.1,44691.38565008682,44562.9,44579.50000000001,45161.8775,34.60791369423514,-455.79373498821224,-149.8276766314525,15.408578323873913,18.747656542932134,Buy
17.7.2018,43000.0,43500.0,42347.0,44593.1,44530.3013024595,44401.65238095238,44279.700000000004,45094.33,31.183664364242148,-535.054852291345,-160.05345080618108,17.145654411567943,19.66867469879518,Buy
16.7.2018,43500.0,44000.0,43500.0,44543.1,44432.17736889193,44297.54761904762,44029.700000000004,45030.2825,37.81030019213641,-551.170487189338,-79.39022664696576,17.894981322061174,34.7289156626506,Buy
13.7.2018,43103.0,43103.0,43000.0,44448.25,44305.589048045076,44160.39523809524,43745.149999999994,44966.2425,34.93387240005073,-589.1850673836307,-116.77727701348498,19.03141686306634,22.771084337349397,Buy
12.7.2018,43000.0,43100.0,43000.0,44348.25,44181.24723394554,44022.46666666667,43345.75,44902.2025,34.206784358267015,-620.4707348591037,-106.17477652304899,20.08667843685685,19.66867469879518,Buy
11.7.2018,43498.0,43498.0,42500.0,44248.15,44116.17606880787,43941.490476190476,43045.450000000004,44835.6575,40.639770892039024,-598.1849104041758,-86.97897367295346,21.49197023430265,34.66867469879518,Buy
10.7.2018,42000.0,42500.0,42000.0,44098.15,43914.63549082617,43727.380952380954,42462.049999999996,44766.6125,30.864002072643913,-693.4061600716377,-154.67958532957977,23.176967471203277,0.0,Buy
09.7.2018,42500.0,42500.0,41100.0,44023.15,43779.90830122368,43575.17619047619,42237.049999999996,44701.3175,36.36613231734397,-720.2215988701064,-142.76124412620268,25.31510194911184,30.65469673746442,Buy
06.7.2018,42000.0,42000.0,41910.0,43923.15,43610.39322491666,43382.49523809524,41997.049999999996,44638.0225,33.495376960870246,-772.9092321296484,-127.80550398292151,27.300512535741216,19.706590759798555,Buy
05.7.2018,42616.0,43500.0,42616.0,43828.95,43515.68910825793,43258.00476190476,41914.45,44573.77,39.80041824271733,-756.2410333201115,-58.411151157711124,26.73448390756537,33.1946573242829,Buy
04.7.2018,43001.0,43001.0,43001.0,43729.05,43466.671097947656,43179.15238095238,41914.55,44509.525,43.41143481412373,-703.8515210525875,-48.04848169782214,26.208885895687796,65.55172413793103,Buy
03.7.2018,43001.0,44596.0,43001.0,43629.15,43422.32146957169,43109.81428571429,42014.65,44445.2875,43.41143481412373,-654.7845069278628,-4.76832611775719,24.77465579208786,54.37643020594966,Buy
02.7.2018,43270.0,43337.0,43270.0,43542.65,43407.81466294581,43075.60952380952,42055.15,44378.725,46.03452330783743,-587.4210684321006,-19.19859281822412,23.442870695887922,62.07093821510298,Buy
29.6.2018,42000.0,42000.0,40636.0,43392.65,43273.73707599859,42928.69047619047,41984.549999999996,44305.8875,37.25444348152143,-629.2597297994434,-156.6653306380406,23.531844558113352,34.44444444444444,Buy
28.6.2018,39453.0,39453.0,39453.0,43090.45,42909.857354474916,42553.485714285714,41577.350000000006,44217.9225,26.385451797956023,-858.0477439214446,-287.56054707318003,24.27695485035043,0.0,Buy
27.6.2018,42372.0,45667.0,42372.0,42934.05,42858.632844524924,42485.061904761904,41508.55,44120.8875,45.87490587913921,-794.6645898127972,46.95275004340491,24.045936236922053,46.9745735436112,Buy
26.6.2018,47070.0,47100.0,47070.0,43004.2,43259.71543076065,42878.961904761905,42452.40000000001,44025.6925,62.899570397236594,-361.18018599761126,325.9342262780488,24.35330734922037,99.60768928991762,Sell
25.6.2018,47982.0,47982.0,47100.0,43203.3,43709.45681830725,43353.038095238095,43349.7,43942.9525,65.18868154080732,55.31249717380706,292.45061520098415,24.93449784328175,100.0,Sell
22.6.2018,44805.0,44805.0,42501.0,43258.55,43813.79426418275,43505.58095238095,43855.45,43864.975,52.93565688180653,127.5581891494221,50.79734551247017,23.155488827922422,62.75061554695744,Sell
21.6.2018,41500.0,41500.0,41500.0,43158.55,43593.43290568915,43338.1,43732.25,43784.497500000005,43.72764044575405,-80.9394389511508,-100.03091440763451,21.88754696541341,24.000468988158048,Sell
20.6.2018,40000.0,41000.0,40000.0,42983.55,43251.201200385425,43037.28571428572,43307.05,43699.020000000004,40.30122146704898,-363.0280143695345,-146.7341116149569,21.25466011458799,6.413413061320202,Sell
19.6.2018,38000.0,38000.0,37250.0,42733.55,42751.08680034872,42562.6619047619,42556.84999999999,43606.042499999996,36.225350390322205,-739.4446701603592,-219.68451654319696,21.519697864278182,6.988445769660827,Sell
18.6.2018,37100.0,37100.0,37000.0,42413.55,42212.88805745837,42026.13333333333,41642.84999999999,43499.565,34.532838590483124,-1097.7261563764114,-199.64589038683755,21.836873206182286,0.9105809506465125,Buy
14.6.2018,37030.0,37080.0,36970.0,42109.9,41719.27967103376,41513.41428571429,40952.49999999999,43382.6475,34.39822300884725,-1371.5053702906807,-167.14205238764396,22.14044016310546,0.5448601525608427,Buy
13.6.2018,36000.0,36001.0,36000.0,41759.9,41174.58636903054,40931.51904761905,40611.9,43253.229999999996,32.39701636244182,-1652.540305747265,-164.3057547584899,22.71912643143789,0.0,Buy
12.6.2018,35101.0,35101.0,35101.0,41340.05,40596.149571980015,40297.3380952381,39577.55,43107.825,30.717262720323745,-1925.6071035466157,-155.95214690869895,23.521207704253154,0.0,Buy
11.6.2018,35500.0,35500.0,35000.0,41015.05,40110.80199369621,39741.142857142855,37588.55,42953.670000000006,32.392714610276585,-2085.7750265683644,-126.12507457266621,24.02904941867725,3.8514866738561087,Buy
08.6.2018,35100.0,35101.0,35000.0,40645.05,39633.58275620134,39177.804761904765,35382.149999999994,42784.765,31.568514165836646,-2219.4020314820664,-113.67128120779127,24.500616724928193,0.7702973347712216,Buy
07.6.2018,34500.0,34500.0,34001.0,40270.05,39144.670112753585,38592.561904761904,33696.149999999994,42602.11,30.322214833276462,-2346.6664708704993,-112.05811042130334,25.270918266430886,3.5691295329375583,Buy
06.6.2018,34000.0,34000.0,32500.0,39839.25,38654.70153058658,37995.41428571429,32626.949999999997,42402.625,29.284658184962595,-2459.518479270315,-112.32640821810034,26.43885351214113,9.688670714377988,Buy
05.6.2018,32003.0,32003.0,32003.0,39289.35,38021.20614672119,37249.10476190476,31577.450000000004,42180.64,25.527556968605523,-2679.2114376545505,-122.79623507766458,27.664055404533354,0.0,Buy
04.6.2018,32001.0,32001.0,32001.0,38739.35,37447.85318036679,36554.97619047619,30927.65,41936.15,25.524025148993005,-2820.9627704324666,-110.5075776317346,28.80233192839032,0.0,Buy
01.6.2018,32501.0,32501.0,32000.0,38200.9,36976.72430604614,35960.84761904762,30546.299999999996,41669.0625,28.19855314083557,-2859.9877431737696,-96.4809504551509,29.470863543702887,5.273684210526316,Buy
31.5.2018,31500.0,31500.0,31400.0,37675.9,36455.13151499413,35322.666666666664,29965.299999999996,41383.225,26.17217919580783,-2937.8222632055767,-101.9280669970191,30.29772555844608,1.0416666666666667,Buy
30.5.2018,31500.0,31500.0,30501.0,37278.25,35983.21422785183,34734.485714285714,29462.949999999997,41092.615000000005,26.17217919580783,-2965.324268778015,-97.43356481919805,31.360348469859893,13.321776236831578,Buy
29.5.2018,31000.0,31000.0,31000.0,36709.65,35508.62239662785,34136.55714285714,29211.35,40781.395000000004,25.12619577644527,-2992.9645948672114,-93.70492752359768,32.34706974474415,7.5617517805728145,Buy
28.5.2018,31000.0,31000.0,31000.0,35906.15,35079.229787425196,33592.780952380956,29114.85,40426.4925,25.12619577644527,-2980.5122623745046,-90.84345461149354,33.26331092856524,7.584739322085423,Buy
23.5.2018,31000.0,31001.0,31000.0,35057.05,34690.73171243232,33125.52857142857,29143.949999999997,40019.18,25.12619577644527,-2936.790209710707,-88.66607940720468,34.11309776580054,9.072727272727272,Buy
22.5.2018,31000.0,31000.0,31000.0,34366.8,34339.23345410544,32739.14285714286,29134.199999999997,39574.592500000006,25.12619577644527,-2869.0673455472133,-82.93614881850168,34.90218554323332,9.981996399279856,Buy
21.5.2018,30917.0,30917.0,30800.0,33837.65,34013.30645847635,32410.590476190475,29046.75,39108.5475,24.903967013335148,-2789.9332799427903,-79.95042691774098,35.721329422807734,8.321664332866574,Sell
18.5.2018,30005.0,30050.0,30001.0,33337.9,33631.562986240504,32045.57619047619,29146.9,38626.265,22.544491851615575,-2768.8916811935414,-98.4052548533903,36.81404339017633,0.0784313725490196,Sell
17.5.2018,30001.0,30001.0,30000.0,32937.95,33285.79508278902,31727.77619047619,29146.850000000006,38136.485,22.534407618893198,-2721.1708652937814,-93.10280564205583,37.829115101576726,0.022222222222222223,Sell
16.5.2018,29999.0,29999.0,29999.0,32582.9,32972.76697966626,31447.876190476192,29001.5,37644.9525,22.528981383213477,-2652.9318116367685,-89.18465063956647,38.772121767309336,0.0,Sell
15.5.2018,29999.0,30000.0,29998.0,32231.35,32689.5510768409,31201.790476190476,29052.85,37151.02500000001,22.528981383213477,-2569.235324450947,-87.0631333274247,39.647770814061055,0.03995205753096284,Sell
14.5.2018,29998.0,29998.0,29998.0,31931.25,32433.21287904653,30989.090476190475,29052.550000000003,36659.592500000006,22.525836005567882,-2474.4618906221585,-83.91507017646632,40.4608735003305,0.0,Sell
11.5.2018,29999.0,29999.0,29799.0,31676.15,32201.383081042095,30805.066666666666,29107.449999999997,36176.3975,22.537482829992584,-2371.9304323161596,-83.2901934123781,41.321947142669046,7.401924500370097,Sell
10.5.2018,29500.0,29500.0,29115.0,31376.15,31944.10850189523,30597.814285714285,29107.449999999997,35694.4525,20.85286429053734,-2304.3752392579954,-111.20865414597868,42.46375627658191,16.142557651991613,Sell
09.5.2018,29849.0,29849.0,29849.0,31113.6,31744.57435885759,30452.371428571427,29139.800000000003,35217.880000000005,25.071322940672047,-2197.3462391211688,-83.69855617185688,42.93373777631842,30.77568134171908,Sell
08.5.2018,29000.0,29000.0,29000.0,30838.6,31483.18632468068,30251.07619047619,29014.800000000003,34746.3075,21.999486522793774,-2156.1771223288306,-134.31147329180007,43.810470054697774,0.0,Sell
07.5.2018,29000.0,29000.0,29000.0,30588.6,31246.692388996806,30075.97142857143,28881.4,34283.775,21.999486522793774,-2099.3502972370698,-123.96176774236503,44.62457859890718,0.0,Sell
04.5.2018,29000.0,29000.0,29000.0,30438.45,31032.721685282824,29924.67619047619,28830.55,33841.229999999996,21.999486522793774,-2030.9036360143255,-113.32926110659356,45.380536532815896,0.0,Sell
03.5.2018,30000.0,30000.0,30000.0,30338.4,30934.36723906541,29882.91904761905,28930.4,33421.1825,33.91168388356617,-1874.361053734232,-26.94497210374752,44.40756890931949,50.0,Sell
02.5.2018,30000.0,30000.0,29000.0,30213.35,30845.37988296394,29850.690476190477,29055.65,33021.805,33.91168388356617,-1730.3534915064156,-52.6435228629831,44.186192047786086,52.164840897235266,Sell
30.4.2018,29000.0,29000.0,28500.0,30088.35,30669.629417919758,29735.133333333335,28980.85,32642.427499999998,28.809066828770455,-1677.5800055272848,-137.46091450064895,44.274379220521396,32.25806451612903,Sell
27.4.2018,29000.0,29000.0,29000.0,29963.35,30510.61709240359,29631.480952380953,28906.25,32276.682500000003,28.809066828770455,-1617.1155363923317,-108.49810849810846,44.3562673094899,33.311125916055964,Sell
26.4.2018,29000.0,29000.0,28722.0,29863.35,30366.748797888966,29539.733333333334,28806.450000000004,31934.3675,28.809066828770455,-1551.3144219829774,-105.16741537318546,44.60083813416604,33.333333333333336,Sell
25.4.2018,29000.0,29000.0,29000.0,29763.35,30236.582245709065,29457.509523809524,28806.450000000004,31627.2275,28.809066828770455,-1482.082045485815,-84.15279548669955,44.82793961422245,33.333333333333336,Sell
24.4.2018,29000.0,29000.0,28500.0,29663.35,30118.81250802249,29384.809523809523,28736.65,31357.5425,28.809066828770455,-1410.9503311876288,-93.25321608275203,45.34734344281755,33.333333333333336,Sell
23.4.2018,28001.0,28900.0,28001.0,29513.4,29917.116078687013,29226.490476190476,28686.799999999996,31114.872499999998,23.657869781144882,-1418.8334572367676,-141.65139452205744,46.10897910901118,0.0,Sell
20.4.2018,29000.0,29000.0,29000.0,29417.55,29829.771690240632,29177.595238095237,28782.649999999998,30893.867500000004,35.98460542331013,-1329.1483456543356,-51.45970095125632,46.62326724592732,49.97498749374687,Sell
19.4.2018,28100.0,28100.0,28100.0,29322.3,29665.031529265336,29052.114285714284,28697.899999999998,30693.0875,31.11091153032565,-1315.5301146919846,-152.2024930987162,47.58007466257022,4.9524762381190595,Sell
18.4.2018,28500.0,28500.0,28500.0,29247.25,29554.076145525778,28973.8,28472.949999999997,30508.552499999998,35.304789586948786,-1257.9599324315423,-93.40941872676858,47.73298055416814,24.96248124062031,Sell
17.4.2018,28500.0,28500.0,28500.0,29172.3,29453.68794118999,28902.633333333335,28247.899999999998,30338.0225,35.304789586948786,-1198.5193630544782,-88.10004293195459,47.874964596366205,24.96248124062031,Sell
16.4.2018,28500.0,29000.0,28500.0,29097.35,29362.860518219513,28838.60476190476,28222.85,30181.3225,35.304789586948786,-1138.29077607183,-61.83963855635621,47.09422676816717,24.96248124062031,Sell
13.4.2018,28500.0,28900.0,28500.0,29022.45,29280.68332600813,28781.714285714286,28197.749999999996,30035.882499999996,35.304789586948786,-1078.131162041871,-65.22219539144902,46.369255927696635,24.96248124062031,Sell
12.4.2018,28500.0,28500.0,28500.0,28947.5,29206.332533054974,28731.957142857143,28172.699999999997,29899.45,35.304789586948786,-1018.711166297122,-81.18849001780829,45.696068718688274,24.96248124062031,Sell
11.4.2018,28500.0,28500.0,28500.0,28897.5,29139.06276800212,28689.338095238094,28122.699999999997,29775.517499999998,35.304789586948786,-960.5477945165148,-73.60828963323475,45.070966310323364,49.949949949949946,Sell
10.4.2018,28501.0,28501.0,28501.0,28830.1,29078.29488533525,28651.57619047619,28090.300000000003,29661.342500000006,35.320145742469364,-903.952015548617,-66.95405444382506,44.48826914258742,50.050050050050054,Sell
05.4.2018,28500.0,28500.0,28500.0,28805.1,29023.219181969987,28620.138095238097,28215.1,29559.6675,35.311119509424344,-849.388917889446,-60.583507501997005,43.94830665918824,49.949949949949946,Sell
04.4.2018,29000.0,29000.0,28990.0,28805.1,29021.007831306182,28638.7,28215.1,29470.4925,43.1359752263968,-757.0743665281079,40.74395198993568,42.2984012235512,100.0,Sell
03.4.2018,28700.0,28700.0,28700.0,28790.1,28990.43565689607,28628.690476190477,28350.1,29388.075,40.008893863083266,-700.0521468971128,-17.074072723674153,41.152683070967996,69.96996996996997,Sell
02.4.2018,29000.0,29000.0,28999.0,28740.1,28991.346546715493,28648.680952380953,28500.1,29308.159999999996,44.35323727128959,-623.4671925207222,67.36446591518978,39.45080732248962,100.0,Sell
30.3.2018,29000.0,29000.0,29000.0,28690.1,28992.170685123543,28673.433333333334,28650.1,29231.997500000005,44.35323727128959,-556.3596961572184,87.96147672552215,37.87049412747398,100.0,Sell
29.3.2018,28500.0,28500.0,28500.0,28665.1,28945.29728654035,28655.32857142857,28675.1,29160.835000000003,38.907147610130465,-537.3283563150726,-52.74347229469984,37.11342243163572,44.44444444444444,Sell
28.3.2018,29000.0,29000.0,29000.0,28665.1,28950.507068774605,28687.22380952381,28775.1,29095.922499999997,46.04221762059435,-476.40832246365244,92.20927311029789,35.36781058100108,100.0,Sell
27.3.2018,29000.0,29001.0,29000.0,28665.1,28955.22068127226,28719.119047619046,28875.1,29036.01,46.04221762059435,-423.2497965405855,88.97869474281265,33.74489769576483,99.8003992015968,Sell
26.3.2018,29200.0,29200.0,29200.0,28675.1,28978.532997341572,28770.061904761904,29005.1,28981.597499999996,48.81538834562603,-360.8236033354442,136.38569993339922,31.83346098342752,100.0,Sell
23.3.2018,29200.0,29200.0,29200.0,28685.1,28999.62509283285,28820.05238095238,29134.9,28932.684999999998,48.81538834562604,-307.8022428090735,120.78768260292249,30.058555464828594,100.0,Sell
22.3.2018,29400.0,29500.0,29400.0,28755.05,29037.75603637258,28888.138095238097,29244.95,28894.767499999998,51.69468742350233,-246.79915700853962,152.86945440615636,28.02993385331335,90.0,Sell
21.3.2018,29000.0,29499.0,29000.0,28755.05,29034.160223384715,28911.466666666667,29244.95,28861.642499999998,46.108184080730176,-228.10102246956012,86.52949122689266,26.66411777681887,50.0,Sell
20.3.2018,29500.0,29500.0,29500.0,28825.05,29078.525916395694,28982.414285714287,29334.95,28836.78,52.95243601329035,-170.96600512455552,144.58653026428087,25.39368367782356,100.0,Sell
19.3.2018,29500.0,29500.0,29500.0,28875.05,29118.66630531039,29046.69523809524,29384.95,28818.170000000002,52.95243601329035,-124.25377210354418,129.15258857540573,24.21399487161363,100.0,Sell
16.3.2018,29500.0,29500.0,29500.0,28925.05,29154.983800042733,29106.214285714286,29434.95,28805.807499999995,52.95243601329035,-86.23987133661285,118.38716850660374,23.118569551561546,100.0,Sell
15.3.2018,29500.0,29500.0,29500.0,28975.05,29187.84248575295,29160.97142857143,29584.95,28799.692499999997,52.95243601329035,-55.474110093728086,109.12238532635061,22.101388897227473,100.0,Sell
14.3.2018,29900.0,29900.0,29900.0,29045.05,29255.667010919333,29249.061904761904,29694.95,28800.822500000002,58.60882932282348,1.1711342999151384,165.42697567595923,20.906004874993236,100.0,Sell
13.3.2018,30000.0,30000.0,30000.0,29120.05,29326.555867022253,29340.009523809524,29819.95,28809.45,59.90660602081716,53.51517324877568,161.09105495387192,20.025992512866793,100.0,Sell
12.3.2018,30000.0,30000.0,29301.0,29195.05,29390.693403496327,29423.814285714285,29904.95,28824.327500000003,59.90660602081716,93.91560065032172,107.20413533249318,19.56375601599849,100.0,Sell
09.3.2018,30000.0,30000.0,30000.0,29270.0,29448.72260316334,29500.47619047619,29990.0,28846.3225,59.906606020817165,124.49809390622977,132.33277579374104,19.13453641176364,100.0,Sell
08.3.2018,30000.0,30000.0,30000.0,29345.0,29501.225212385878,29570.0,30035.0,28873.317499999997,59.90660602081717,147.03995507360378,119.3591374401846,18.73597535068842,100.0,Sell
07.3.2018,30000.0,30000.0,29500.0,29395.0,29548.727573111035,29632.380952380954,30185.0,28902.8125,59.906606020817165,163.02528840903324,80.80990146599355,19.31735774259035,100.0,Sell
06.3.2018,30000.0,30000.0,29310.0,29460.0,29591.705899481414,29690.0,30220.0,28936.307500000003,59.90660602081717,173.69157192358034,64.11682220395531,20.167047732924136,100.0,Sell
05.3.2018,30000.0,30000.0,30000.0,29510.0,29630.591051911753,29741.428571428572,30270.0,28974.8025,59.90660602081717,180.06895562388308,100.0515107650988,20.95604558109122,100.0,Sell
02.3.2018,29500.0,29500.0,29300.0,29535.0,29618.15380887254,29740.47619047619,30245.0,29017.047499999997,47.41835695536527,143.12737355860372,-16.06631405096871,22.68220559722199,50.0,Sell
01.3.2018,29250.0,29250.0,29001.0,29572.5,29583.09154136087,29713.333333333332,30157.5,29062.4175,42.63287042592932,92.6104374839997,-85.90571361213131,24.618646520539674,24.924924924924923,Sell
28.2.2018,29002.0,29002.0,29002.0,29572.6,29527.749489802693,29659.0,29977.800000000003,29107.7925,38.483773314480565,32.192776029718516,-123.60695892953555,26.41677023504895,0.1001001001001001,Buy
27.2.2018,29002.0,29002.0,29002.0,29572.7,29477.67810982148,29604.657142857144,29778.100000000002,29153.172499999997,38.483773314480565,-15.509867856446363,-123.65419586538567,28.086456541379,0.1001001001001001,Buy
26.2.2018,29001.0,29001.0,29001.0,29562.75,29432.28019460039,29550.209523809524,29588.25,29197.555,38.466266515388654,-52.78675559795738,-118.38470027924166,29.63815392205508,0.0,Buy
23.2.2018,29500.0,29500.0,29500.0,29577.75,29438.72969987654,29544.233333333334,29473.25,29242.1875,50.55401381268676,-41.58446815215939,-11.287796372166326,29.36324477000861,49.949949949949946,Buy
22.2.2018,29500.0,29500.0,29500.0,29582.75,29444.564966554964,29536.82857142857,29368.25,29283.5725,50.55401381268676,-32.33385014587839,-12.172044015606051,29.10797198596546,49.949949949949946,Buy
21.2.2018,29500.0,29500.0,29500.0,29607.75,29449.84449354973,29528.94761904762,29243.25,29326.207499999997,50.55401381268676,-24.71773803103497,-16.858246938392814,28.870932972211108,49.949949949949946,Buy
20.2.2018,29500.0,29501.0,29500.0,29607.75,29454.621208449753,29518.685714285715,29143.25,29365.3425,50.55401381268676,-18.469015000533545,-16.781457061856216,28.64722084784837,49.949949949949946,Buy
19.2.2018,29500.0,29500.0,29500.0,29607.75,29458.942998121205,29508.42380952381,29043.25,29401.977499999997,50.55401381268676,-13.362818723067903,-16.86315841074519,28.439488160940112,49.949949949949946,Buy
16.2.2018,29500.0,29500.0,29500.0,29607.75,29462.853188776327,29498.161904761906,29043.25,29436.1125,50.55401381268676,-9.209954759549873,-16.86315841074519,28.24659352309673,49.949949949949946,Buy
15.2.2018,29500.0,29500.0,29500.0,29607.75,29466.390980321437,29487.9,29093.25,29467.747499999998,50.55401381268677,-5.851329662666103,-16.86315841074519,28.067477073670737,49.949949949949946,Buy
14.2.2018,29500.0,29500.0,29500.0,29587.75,29469.59183933844,29477.638095238097,29212.85,29494.882499999996,50.55401381268677,-3.153246413967281,-12.865466241332765,27.9011546563466,49.949949949949946,Buy
13.2.2018,29500.0,29500.0,29500.0,29562.75,29472.48785463954,29469.280952380952,29337.449999999997,29517.017499999998,50.55401381268676,-1.003429094744206,-7.122976087151497,27.74671241168847,99.8,Buy
12.2.2018,29500.0,29500.0,29500.0,29537.75,29475.108058959584,29463.30476190476,29462.25,29534.152499999997,50.55401381268677,0.6923358031635871,-3.396579043595078,27.603301755934496,99.8,Buy
09.2.2018,29500.0,29500.0,29500.0,29512.75,29477.47872001105,29459.709523809524,29487.25,29546.289999999997,50.55401381268677,2.013036668438872,5.324063486255064,27.47013471844866,99.8,Buy
08.2.2018,29300.0,29400.0,29299.0,29477.75,29460.575984771905,29439.44761904762,29482.25,29552.927499999998,42.91850983620486,-12.929582729626418,-44.750882993912306,28.02177245647787,59.8,Buy
07.2.2018,29500.0,29500.0,29107.0,29452.75,29464.330652888868,29441.566666666666,29507.25,29555.814999999995,50.904178386084205,-8.535001543161343,-23.49333385642369,29.07004360602638,99.8,Sell
06.2.2018,29750.0,29750.0,29750.0,29440.25,29491.537257375643,29469.876190476192,29569.75,29554.827499999996,58.68489405971309,14.94833131282212,126.8200817601399,28.619583644794737,100.0,Sell
05.2.2018,29750.0,29750.0,29700.0,29427.75,29516.1527566732,29499.376190476192,29632.25,29550.714999999997,58.68489405971309,33.17660256679301,131.73137186029987,28.362442402725744,100.0,Sell
02.2.2018,29800.0,29800.0,29800.0,29442.75,29543.185827466226,29534.82857142857,29677.25,29546.102499999997,60.14978419081849,51.06853471657814,142.02079988652284,27.851334552628877,100.0,Sell
01.2.2018,29800.0,29800.0,29799.0,29470.25,29567.64432008849,29568.85238095238,29709.75,29540.989999999998,60.14978419081849,64.50445267191753,138.29886006086602,27.38042878128403,100.0,Sell
31.1.2018,29800.0,29800.0,29800.0,29510.15,29589.773432461014,29600.257142857143,29729.85,29537.8675,60.14978419081849,74.29607554095492,144.7961953748519,26.943159136463823,100.0,Sell
30.1.2018,29800.0,29800.0,29500.0,29550.05,29609.795010321868,29627.861904761903,29749.95,29536.735000000004,60.14978419081849,81.12089601622574,79.52061630333807,27.58283285378811,100.0,Sell
29.1.2018,29780.0,29780.0,28900.0,29589.0,29626.005009338834,29649.761904761905,29767.0,29538.047500000004,59.02382599913094,83.94808133427432,-42.69093465031462,29.486064449733725,97.77777777777777,Sell
26.1.2018,29450.0,29450.0,28900.0,29586.5,29609.242627497042,29636.52380952381,29759.5,29538.485000000004,44.29135013976226,58.88165295001818,-149.58138884519354,31.25335093168323,61.111111111111114,Sell
25.1.2018,28601.0,28601.0,28601.0,29541.55,29513.219520116374,29542.666666666668,29664.649999999998,29536.425,26.183805105243195,-29.15479838180545,-391.9206338906574,33.35808406218542,0.0,Buy
24.1.2018,28015.0,28015.0,28000.0,29467.3,29370.531946771956,29397.280952380952,29441.899999999998,29529.402500000004,20.08131145758142,-144.54341639526683,-367.17538368879195,35.971514985426666,0.8333333333333334,Buy
23.1.2018,28900.0,28907.0,28100.0,29437.3,29325.719380412724,29343.25238095238,29301.899999999998,29520.880000000005,42.04832095258372,-162.7020952788007,-161.01347862471562,35.08483232386741,50.0,Buy
22.1.2018,28907.0,28907.0,28907.0,29407.65,29285.84134418294,29292.74761904762,29162.949999999997,29510.875,42.183687835471204,-174.51642095360512,-88.63387122042884,34.26148413813381,50.388888888888886,Buy
18.1.2018,29800.0,29800.0,29800.0,29422.65,29334.808835213134,29330.114285714284,29147.949999999997,29501.620000000003,56.22996909975026,-110.5474006594668,81.03165834888968,32.25542673627994,100.0,Buy
17.1.2018,29800.0,29800.0,29800.0,29437.65,29379.112755669026,29366.05238095238,29132.949999999997,29493.115,56.22996909975026,-59.169422928622225,75.89739796201452,30.392659148844196,100.0,Buy
16.1.2018,29800.0,30000.0,29201.0,29452.65,29419.19725512912,29400.561904761904,29117.949999999997,29486.360000000004,56.22996909975026,-18.241726154563366,48.96291611881756,28.976502455555856,90.0,Buy
15.1.2018,30000.0,30000.0,29990.0,29477.65,29474.51180225968,29452.690476190477,29132.949999999997,29482.105000000003,59.01523108417122,29.98643201491359,99.70652408399137,27.66149981178811,100.0,Buy
12.1.2018,30000.0,30000.0,29600.0,29502.65,29524.558297282565,29502.438095238096,29151.949999999997,29480.35,59.01523108417122,67.43030030136651,71.54235086937658,27.120144011318253,100.0,Sell
11.1.2018,29850.0,29850.0,29000.0,29520.15,29555.552745160414,29535.519047619047,29214.449999999997,29480.72,55.92004110622563,84.03241590698235,20.426553684118996,27.472970484811167,92.5,Sell
10.1.2018,29000.0,29000.0,28800.0,29505.15,29502.642959907043,29485.980952380953,29309.25,29482.090000000004,42.361643880790595,28.275869262863125,-77.06590929299614,28.048347663617246,50.0,Buy
09.1.2018,28990.0,28990.0,28501.0,29479.65,29453.819820868277,29436.91904761905,29529.75,29483.435000000005,42.23191180379604,-16.527987729110464,-82.64566594458609,28.932394977981858,49.5,Buy
05.1.2018,28500.0,28500.0,28500.0,29417.15,29362.97983792844,29343.619047619046,29512.25,29482.280000000006,36.35651064852443,-90.53069064043666,-111.35415833044374,29.75445983304207,25.0,Buy
04.1.2018,28500.0,28500.0,28320.0,29354.65,29280.791281935257,29256.27142857143,29493.35,29478.625000000007,36.35651064852442,-147.47832750098678,-104.2087690009666,30.731983423248103,25.0,Buy
03.1.2018,27501.0,27950.0,27501.0,29239.7,29111.287350322375,29079.733333333334,29148.499999999996,29468.472500000003,27.357231822316237,-270.1070648988425,-169.13686581132535,32.439108079450136,0.0,Buy
02.1.2018,27500.0,27500.0,27500.0,29124.7,28957.831412196432,28914.04761904762,28803.499999999996,29451.195,27.349933870547062,-363.1853398983185,-159.40984113088106,34.02513821890599,0.0,Buy
28.12.2017,27500.0,27500.0,27500.0,29009.7,28818.99032532058,28759.314285714285,28458.499999999996,29426.172500000004,27.349933870547062,-431.9710500557594,-141.3770135925211,35.497880491257845,0.0,Buy
27.12.2017,27500.0,27500.0,27001.0,28894.7,28693.372199099573,28615.533333333333,28073.499999999996,29393.405,27.349933870547062,-480.9402412041163,-137.895176322868,37.28932500395278,16.63887962654218,Buy
26.12.2017,27000.0,27000.0,27000.0,28755.7,28532.098656328188,28435.085714285713,27612.499999999996,29351.74,23.44431052702332,-553.7116560217291,-145.7611039241051,38.95360411037192,0.0,Buy
25.12.2017,27000.0,27000.0,27000.0,28633.2,28386.184498582646,28267.876190476192,27164.999999999996,29304.075,23.44431052702332,-604.4161929184738,-127.31415129506377,40.49900613776112,0.0,Buy
22.12.2017,27000.0,27000.0,27000.0,28553.15,28254.16692728906,28112.333333333332,26845.049999999996,29254.655000000006,23.44431052702332,-637.254035866994,-110.42477071947701,41.934022306051084,0.0,Buy
21.12.2017,27250.0,27250.0,27001.0,28514.9,28158.53198183296,27988.22380952381,26535.299999999996,29207.035000000003,29.71242198308252,-635.776516400827,-90.35777486932449,42.33734243971043,8.333333333333334,Buy
20.12.2017,27000.0,27250.0,27000.0,28419.9,28048.195602610773,27843.94761904762,26330.299999999996,29156.164999999997,27.304827402389236,-647.31661919627,-84.90067101687345,42.71316009224285,0.0,Buy
19.12.2017,27000.0,27000.0,27000.0,28324.55,27948.367449981175,27708.719047619048,26125.649999999998,29102.010000000002,27.304827402389236,-648.9811827061349,-80.74596774193539,43.06213362673724,0.0,Buy
18.12.2017,27000.0,27000.0,27000.0,28184.55,27858.046740459158,27582.571428571428,26165.45,29040.105000000003,27.304827402389236,-642.8895309522522,-73.725814368009,43.38618048019632,0.0,Buy
15.12.2017,27000.0,27000.0,27000.0,28044.55,27776.328003272574,27469.757142857143,26205.45,28970.45,27.304827402389236,-630.7904929006072,-68.24375885751654,43.6870811298369,0.0,Buy
14.12.2017,27000.0,27001.0,27000.0,27904.55,27702.392002960903,27370.27619047619,26245.45,28893.045000000002,27.304827402389236,-614.1226939381995,-63.91873547050377,43.96154461537505,0.0,Buy
13.12.2017,27000.0,27000.0,27000.0,27754.55,27635.497526488438,27284.128571428573,26295.45,28806.889999999996,27.30482740238925,-594.0653278686477,-61.22350428078772,44.216403566231904,0.0,Buy
12.12.2017,27000.0,27000.0,27000.0,27604.55,27574.97395253716,27212.266666666666,26445.45,28711.985000000004,27.30482740238925,-571.5808920264717,-59.284992680864995,44.45305830631327,0.0,Buy
11.12.2017,27000.0,27000.0,27000.0,27462.05,27520.214528486,27154.690476190477,26587.95,28609.080000000005,27.30482740238925,-547.4511386797421,-57.01863539001219,44.67280913638882,0.0,Sell
07.12.2017,27000.0,27000.0,27000.0,27362.05,27470.67028767781,27110.685714285715,26687.95,28501.925,27.30482740238925,-522.3073018561772,-54.06448823275047,44.876863478601834,0.0,Sell
06.12.2017,27000.0,27000.0,27000.0,27262.55,27425.844545994212,27076.204761904763,26737.45,28391.07,27.30482740238925,-496.6554946370743,-51.159112253472365,45.066342510656774,0.0,Sell
05.12.2017,27000.0,27000.0,27000.0,27187.55,27385.287922566193,27051.2,26812.45,28279.589999999997,27.30482740238925,-470.8980332017454,-48.89081052316489,45.24228732613636,0.0,Sell
04.12.2017,27500.0,27500.0,27500.0,27137.55,27396.212882321794,27080.957142857143,26962.45,28168.734999999997,46.78986263864534,-405.4652866845863,132.271279016841,42.4276818339632,100.0,Sell
01.12.2017,27112.0,27112.0,27112.0,27118.1,27369.144988767337,27078.52380952381,27004.300000000003,28062.655,38.227108452241715,-380.5311942659064,1.00123051995079,41.09907849057979,22.4,Sell
30.11.2017,27950.0,27950.0,27950.0,27140.6,27424.46451364664,27157.75238095238,27171.800000000003,27963.45,56.67054689193947,-289.81039599752694,304.69358920614485,39.18261625521707,100.0,Sell
29.11.2017,26500.0,26500.0,26500.0,27090.6,27336.42027425172,27096.742857142857,27121.800000000003,27867.494999999995,36.41233359363392,-331.09968059070525,-234.98039532178262,38.338814079003406,0.0,Sell
28.11.2017,26500.0,26500.0,26500.0,27040.6,27256.761200513458,27040.495238095238,27071.800000000003,27774.79,36.41233359363392,-359.6756194532718,-223.98066632142297,37.55528348680501,0.0,Sell
27.11.2017,26500.0,26500.0,26300.0,27015.6,27184.68870522646,26989.009523809524,26996.800000000003,27687.784999999996,36.41233359363392,-377.9653080840217,-220.45375218150144,37.11346604603566,12.121212121212121,Sell
24.11.2017,26400.0,26400.0,26300.0,26985.6,27109.956447585846,26930.380952380954,26906.800000000003,27605.405,35.32463767338585,-395.9647472325123,-192.84084008626814,36.70320699389269,6.0606060606060606,Sell
23.11.2017,26150.0,26500.0,26150.0,26943.1,27018.532024006243,26850.8,26779.300000000003,27524.902499999997,32.69517312365994,-425.4974730926406,-170.18656950813386,36.54637360473636,0.0,Sell
22.11.2017,26350.0,26350.0,26300.0,26898.1,26954.86230743422,26794.314285714285,26694.300000000003,27444.0625,36.75133814962837,-427.83225861732353,-125.85857915519142,36.40074260051976,11.11111111111111,Sell
21.11.2017,27000.0,27000.0,26800.0,26898.1,26959.16113529763,26804.019047619047,26694.300000000003,27367.972499999996,47.76850455735291,-372.9340733888894,8.656987907164586,34.47043462830534,47.22222222222222,Sell
20.11.2017,27000.0,27001.0,27000.0,26898.1,26963.05055098357,26813.72380952381,26594.300000000003,27296.65,47.76850455735291,-325.67271375534256,23.69831432078793,32.675588123520775,47.22222222222222,Sell
17.11.2017,27630.0,27800.0,27630.0,26929.6,27026.569546127994,26883.428571428572,26666.4,27233.902500000004,56.32091704471882,-234.67680277458567,159.07213752747364,31.316641311211107,82.22222222222223,Sell
16.11.2017,28000.0,28000.0,28000.0,26979.6,27119.27720840152,26985.371428571427,26626.4,27180.655,60.41992404419926,-131.193661091369,193.3130085149628,30.385633717345847,100.0,Sell
15.11.2017,28000.0,28000.0,28000.0,27029.6,27203.15556950614,27082.55238095238,26876.4,27136.907499999994,60.41992404419926,-48.62204112769541,158.876006731087,29.521126665899533,100.0,Sell
14.11.2017,27627.0,28000.0,27627.0,27060.95,27243.521705743653,27139.44761904762,27070.45,27102.227499999997,54.44614992050017,-13.130064903994935,100.68641472390763,27.839972252381717,79.83783783783784,Sell
13.11.2017,28000.0,28000.0,28000.0,27110.95,27315.567257577593,27228.880952380954,27320.45,27077.547499999997,58.82980367402912,44.58165509923856,116.12159694309511,26.278900296972314,100.0,Sell
10.11.2017,28000.0,28000.0,27600.0,27160.95,27380.751328284492,27313.55238095238,27590.45,27062.4925,58.82980367402912,89.28933709494595,86.05299690688993,24.84114815006433,100.0,Sell
09.11.2017,28000.0,28000.0,28000.0,27210.95,27439.7273922574,27393.461904761905,27910.45,27054.9375,58.82980367402912,123.2991809708401,89.80374436464844,23.506092585078346,100.0,Sell
08.11.2017,28500.0,28501.0,28500.0,27285.95,27540.70573585193,27516.22857142857,28265.45,27056.107499999995,64.54242467785014,188.42599106197667,126.50150931612319,22.46903079112777,99.95746490854955,Sell
07.11.2017,28600.0,28600.0,28600.0,27365.95,27641.590903866032,27641.376190476192,28505.45,27065.027499999997,65.57135757212531,245.28117285916596,120.37357428192188,21.697518192446978,100.0,Sell
06.11.2017,28500.0,28500.0,28500.0,27415.95,27723.344151116886,27749.380952380954,28755.45,27078.9475,63.58429048354117,279.0533959440363,99.22462187550936,20.7334926742552,95.91836734693878,Sell
03.11.2017,28500.0,28500.0,28500.0,27485.35,27797.311374820038,27852.623809523808,28860.050000000003,27097.309999999998,63.58429048354117,302.33301920490703,89.77226185319697,19.83832612164855,95.65217391304348,Sell
02.11.2017,28500.0,28500.0,28500.0,27512.85,27864.234101027654,27949.257142857143,28932.550000000003,27115.922499999997,63.58429048354117,317.12664974598374,84.86576710442279,19.00710003708523,94.44444444444444,Sell
01.11.2017,28500.0,28500.0,28499.0,27612.85,27924.783234263115,28043.27142857143,28932.550000000003,27142.034999999996,63.58429048354117,325.1031221101257,79.44338176896318,18.232251692400435,93.75,Sell
31.10.2017,28300.0,28300.0,28300.0,27702.85,27960.518164333294,28108.714285714286,28977.15,27175.1475,58.79156958278119,311.69320020613304,57.84381283976279,16.939651705423703,70.0,Sell
30.10.2017,28300.0,28300.0,28000.0,27792.85,27992.849767730124,28165.585714285713,28947.15,27214.01,58.79156958278119,297.6347918744432,44.10597273987163,16.52919873243011,70.0,Sell
27.10.2017,28000.0,28000.0,28000.0,27872.85,27993.53074223202,28185.314285714285,28867.15,27258.372499999998,51.97608833537771,259.2968959806785,16.217955820051245,16.148063828936056,40.0,Sell
26.10.2017,28000.0,28000.0,27999.0,27965.35,27994.146862019446,28197.42380952381,28774.65,27309.485000000004,51.97608833537771,226.30513257695202,6.5554421334703825,15.796866945617383,40.0,Sell
25.10.2017,28000.0,28000.0,28000.0,28047.85,27994.70430373188,28200.72380952381,28592.15,27366.972499999996,51.97608833537771,197.87790902614506,-8.555909499306015,15.470755553964329,40.0,Buy
24.10.2017,28000.0,28000.0,28000.0,28097.85,27995.208655757415,28196.166666666668,28422.15,27426.96,51.97608833537771,173.35084887635458,-22.36994581728124,15.167937833143636,40.0,Buy
20.10.2017,28000.0,28200.0,28000.0,28147.85,27995.66497425671,28186.847619047618,28272.15,27489.4475,51.97608833537771,152.15898295983789,-22.63596321483151,14.119581209686727,0.16638935108153077,Buy
19.10.2017,28200.0,28600.0,28200.0,28176.35,28015.12545289893,28191.814285714285,28183.65,27551.784999999996,56.81098232691303,149.7760796581788,44.08522082372433,14.31177251173871,33.44425956738769,Buy
18.10.2017,28600.0,28999.0,28600.0,28206.35,28070.827790718078,28232.161904761906,28173.65,27613.122499999998,64.50730228288047,178.1111146251642,136.99018461429438,15.417684467640028,60.1,Buy
17.10.2017,28600.0,28600.0,28600.0,28236.35,28121.22514398302,28269.652380952382,28163.65,27673.460000000003,64.50730228288047,198.28117205371018,90.68999528281678,16.444602712405537,60.1,Buy
16.10.2017,29000.0,29000.0,29000.0,28305.0,28204.917987413213,28342.380952380954,28235.0,27735.6625,70.58626326277898,243.73314101278447,172.5083333333343,18.168407360835577,100.0,Buy
13.10.2017,29300.0,29350.0,29300.0,28370.0,28309.21151242148,28437.14285714286,28370.0,27798.615,74.16076811933526,300.49769628257127,209.66388115134683,20.30573140068315,96.29903774981496,Buy
12.10.2017,29300.0,29300.0,29300.0,28435.0,28403.57232076229,28525.714285714286,28565.0,27862.317499999997,74.16076811933526,341.54687552491305,181.72645819566708,22.290389437684464,96.29903774981496,Buy
10.10.2017,29300.0,29300.0,29000.0,28500.0,28488.946385451596,28608.095238095237,28760.0,27926.77,74.16076811933526,369.8156413070865,144.39509879554902,22.952218596405313,96.29903774981496,Buy
09.10.2017,29000.0,29000.0,29000.0,28525.0,28537.61815826573,28655.714285714286,28935.0,27988.722500000003,64.38786164304608,363.8174875317891,89.31061488796759,23.566774243788956,74.09326424870466,Sell
06.10.2017,29100.0,29100.0,28700.0,28550.0,28591.178333668995,28710.47619047619,29130.0,28047.925,65.99642273727152,362.9492190465062,74.73061280719756,23.06011726048691,81.49518874907476,Sell
05.10.2017,28500.0,28500.0,28500.0,28550.0,28582.494682843375,28705.714285714286,29230.0,28104.627500000002,51.08633526496052,310.2695304150584,-9.125322695609514,21.956944798900572,37.083641746854184,Sell
04.10.2017,29100.0,29100.0,29100.0,28580.0,28631.78090352496,28758.095238095237,29380.0,28159.360000000004,60.658238156901064,313.3236828500776,86.76857859459521,22.234130108546253,81.48148148148148,Sell
03.10.2017,30000.0,30000.0,30000.0,28655.0,28762.08748414163,28893.333333333332,29585.0,28216.4675,70.1076385083414,383.9407688564279,190.0913417969734,23.771508050317923,100.0,Sell
02.10.2017,29400.0,29400.0,29400.0,28700.0,28822.84105708052,28964.285714285714,29700.0,28270.825,59.79623648421417,387.02890440150077,93.07154742096515,23.681073453219764,70.0,Sell
29.9.2017,29400.0,29400.0,29400.0,28755.0,28877.808575453804,29030.95238095238,29725.0,28323.432500000003,59.79623648421417,385.03779801201017,83.79292403746106,23.597098470200045,66.66666666666667,Sell
28.9.2017,30300.0,30300.0,30300.0,28855.0,29013.25537779154,29178.095238095237,29825.0,28376.54,67.98722517895166,450.8847910343502,173.9887328030175,24.651463053303907,100.0,Sell
27.9.2017,30300.0,30300.0,30300.0,28970.0,29135.802484668537,29315.714285714286,29910.0,28431.397500000003,67.98722517895166,497.3360272651371,158.12664939159103,25.63051588047178,100.0,Sell
26.9.2017,30300.0,30900.0,30299.0,29085.0,29246.67843850963,29442.380952380954,29995.0,28487.379999999997,67.98722517895168,528.06179893011,160.53647321650604,27.1409330020833,75.0,Sell
25.9.2017,31000.0,31000.0,30999.0,29235.0,29413.661444365855,29624.761904761905,30245.0,28546.7375,73.27626009124758,601.9573545202766,186.28080144788194,28.634419859386508,100.0,Sell
22.9.2017,30201.0,30201.0,30201.0,29345.05,29488.64606871196,29716.761904761905,30355.149999999998,28609.097499999996,60.90676270220687,589.2549282217442,90.141802120773,28.217720813775504,68.04,Sell
21.9.2017,31000.0,31000.0,31000.0,29495.05,29632.58453835844,29874.376190476192,30705.149999999998,28676.4575,66.92035851900019,636.325620686177,147.45473855805565,28.687310956393482,100.0,Sell
20.9.2017,31000.0,31000.0,30999.0,29635.05,29762.814582324303,30017.704761904763,30945.149999999998,28749.392499999998,66.92035851900019,665.9527943185858,126.28482741956446,29.12134365692982,100.0,Sell
19.9.2017,31000.0,31000.0,31000.0,29755.05,29880.641764960084,30147.7,31025.149999999998,28826.827500000003,66.92035851900019,681.575761759148,110.55647994083921,29.524374021713562,100.0,Sell
18.9.2017,31000.0,31000.0,30979.0,29875.05,29987.24731115436,30266.266666666666,31225.149999999998,28908.7625,66.92035851900019,686.0487332666053,98.76091096943067,29.849793248184174,100.0,Sell
15.9.2017,31000.0,31000.0,30999.0,29975.05,30083.699948187277,30373.404761904763,31445.149999999998,28992.264999999996,66.92035851900019,681.7349789403488,90.215425383788,30.1519682441926,100.0,Sell
14.9.2017,30800.0,31000.0,30800.0,30050.05,30151.91900074087,30451.97142857143,31470.149999999998,29076.267499999998,63.3850596368929,654.6317813463829,71.57016354254914,29.92689348571746,87.5,Sell
13.9.2017,31000.0,31000.0,30999.0,30135.05,30232.688619717926,30542.442857142858,31525.149999999998,29161.269999999997,65.3560305160598,641.8913070907547,76.50445117880932,29.71789549570483,100.0,Sell
12.9.2017,31000.0,31000.0,30900.0,30220.05,30305.765894030505,30624.819047619047,31580.149999999998,29247.2725,65.35603051605982,624.5944533908696,68.43017733472323,29.255647035015222,100.0,Sell
11.9.2017,30950.0,31000.0,30950.0,30317.55,30367.121523170455,30694.338095238094,31472.649999999998,29336.9,64.35166671496182,599.9362978893514,63.6818332084363,28.826416321517733,93.74217772215269,Sell
07.9.2017,31000.0,31000.0,31000.0,30412.55,30427.39566382089,30759.333333333332,31537.45,29430.027499999997,64.9320310046067,577.7689532897093,61.9097831193935,28.42784494469863,100.0,Sell
06.9.2017,31140.0,31140.0,31000.0,30544.55,30495.262743457,30828.614285714284,31433.45,29529.754999999997,66.57300429709122,564.9852052040624,68.66529094058896,28.329799335685827,100.0,Buy
05.9.2017,31000.0,31000.0,31000.0,30639.55,30543.332958365856,30871.990476190476,31338.45,29632.732499999995,63.37910174084572,537.362779151732,52.60901250910979,28.238756984459652,85.09052183173588,Buy
04.9.2017,31000.0,31000.0,31000.0,30689.55,30586.825057569105,30906.319047619047,31288.45,29734.46,63.37910174084572,509.59748490387574,48.95632378518171,28.154217658321063,85.09052183173588,Buy
01.9.2017,30800.0,31000.0,30800.0,30759.55,30607.127433038713,30916.838095238094,31178.45,29837.4375,58.71225445679111,466.0822545398405,19.826609396821937,27.337533995508068,0.0,Buy
31.8.2017,30999.0,31000.0,30999.0,30839.5,30644.44862989217,30939.64285714286,31098.300000000003,29941.6625,61.73168222975108,442.5522905276812,46.373834729025376,26.57918488003886,58.529411764705884,Buy
30.8.2017,30800.0,30800.0,30800.0,30864.5,30659.263046092914,30935.880952380954,31073.300000000003,30042.1375,57.22483623604253,403.199158717267,-29.871338274456647,25.15960361654097,0.0,Buy
29.8.2017,31000.0,31000.0,30612.0,30899.5,30691.714184560253,30948.785714285714,31038.300000000003,30138.6125,60.357322584213584,383.7264866866899,-17.74229874127321,24.407727003909606,73.48484848484848,Buy
25.8.2017,30700.0,30800.0,30700.0,30919.5,30692.503309840227,30929.785714285714,30958.300000000003,30230.3375,53.97253747375758,340.16554436431034,-105.2471425039462,23.709555863609058,16.666666666666668,Buy
24.8.2017,30800.0,30800.0,30800.0,30909.5,30702.741089855444,30918.404761904763,30938.300000000003,30314.0625,55.65641517796514,310.1372785064377,-59.09138657860746,23.061254090472833,35.60606060606061,Buy
23.8.2017,30800.0,30800.0,30800.0,30939.45,30712.003843202543,30907.97619047619,30868.350000000002,30393.7825,55.65641517796514,283.0765314268356,-111.05289320596863,22.459259586846336,35.60606060606061,Buy
22.8.2017,30800.0,30800.0,30800.0,30929.45,30720.384429564205,30894.69523809524,30810.350000000002,30465.502499999995,55.65641517796514,258.64914802912244,-96.26783202732345,21.900264690621732,35.60606060606061,Buy
21.8.2017,31000.0,31000.0,31000.0,30929.45,30747.01448389142,30901.414285714287,30810.350000000002,30530.222500000003,59.369459700688196,252.5177319992399,54.404600472101166,22.049523175793233,73.48484848484848,Buy
18.8.2017,31000.0,31000.0,31000.0,30929.45,30771.108342568426,30908.133333333335,30810.350000000002,30588.942499999997,59.369459700688196,244.83622106985422,54.404600472101166,22.18812034059534,73.48484848484848,Buy
17.8.2017,31000.0,31004.0,31000.0,30929.45,30792.9075480381,30914.85238095238,30850.350000000002,30641.6625,59.369459700688196,236.02778691071217,54.888421895325855,22.330585602738747,73.48484848484848,Buy
16.8.2017,31004.0,31004.0,31004.0,30929.65,30813.01159108209,30921.95238095238,30851.15,30689.392499999998,59.45426608919632,226.7559050263626,56.61672908863853,22.462874774729052,100.0,Buy
15.8.2017,31000.0,31000.0,31000.0,30939.65,30830.820010979034,30928.652380952382,30881.15,30733.872499999998,59.320923599703384,216.58840890584543,49.4650284154054,22.559704082778264,98.9795918367347,Buy
14.8.2017,31200.0,31200.0,31000.0,30949.65,30865.980009933413,30953.44761904762,30911.15,30774.6025,63.70417965045223,222.1085938951146,138.56038961821602,23.391652422526835,100.0,Buy
11.8.2017,31200.0,31200.0,31200.0,30959.65,30897.791437558804,30977.290476190476,31001.15,30811.5825,63.70417965045223,223.90237308733413,163.8262294718851,24.164175880864793,100.0,Buy
10.8.2017,31200.0,31200.0,31000.0,30972.15,30926.573205410346,31000.180952380953,31068.65,30844.3125,63.70417965045223,222.7561616500425,107.73078814898845,23.57247508589194,100.0,Buy
09.8.2017,30870.0,30870.0,30870.0,30965.65,30921.185281085553,30990.45238095238,31089.15,30871.9675,52.12866401073323,192.9948146646966,-51.60795706734269,22.30086836235447,43.87755102040816,Buy
08.8.2017,31201.0,31201.0,31201.0,30968.7,30947.83430193455,31012.866666666665,31166.3,30893.175,59.983093849549405,193.88270731532612,139.99883504193838,22.41946484192818,100.0,Buy
07.8.2017,31201.0,31201.0,30500.0,30978.75,30971.945320797924,31034.990476190476,31196.449999999997,30910.135000000002,59.983093849549405,192.3688601633694,4.900227826220914,21.813338073964168,100.0,Buy
04.8.2017,30000.0,30000.0,30000.0,30928.75,30879.379099769547,30941.77619047619,31046.449999999997,30922.095,35.483798228402335,93.18429205099892,-369.4100993270983,22.41955809622297,0.0,Buy
03.8.2017,30000.0,30000.0,30000.0,30888.75,30795.628709315308,30853.32380952381,30886.449999999997,30928.555,35.483798228402335,14.413655586307868,-271.40173633154734,22.982476688320435,0.0,Buy
01.8.2017,30000.0,30000.0,29900.0,30838.8,30719.854546523376,30768.680952380953,30735.600000000002,30928.519999999997,35.483798228402335,-47.46548871606865,-216.24644856156064,23.71550862063512,7.686395080707149,Buy
31.7.2017,30000.0,30000.0,29201.0,30798.8,30651.296970664007,30688.795238095237,30575.600000000002,30925.234999999997,35.483798228402335,-95.40538252885744,-203.1783712495864,25.54666571751692,39.95,Buy
28.7.2017,30000.0,30000.0,30000.0,30748.8,30589.268687743628,30612.719047619048,30385.600000000002,30917.7,35.483798228402335,-131.87788756703958,-123.05052757999408,27.247025878907163,39.95,Buy
27.7.2017,30200.0,30200.0,30200.0,30723.8,30552.195479387094,30560.45238095238,30210.600000000002,30907.914999999997,41.27001901526228,-142.9959141631407,-77.07577162191234,28.035109823942772,49.95,Buy
26.7.2017,30200.0,30200.0,30200.0,30693.8,30518.6530527788,30510.566666666666,30040.600000000002,30897.129999999997,41.27001901526228,-150.0770356938374,-67.87421457802212,28.766902058618694,49.95,Buy
25.7.2017,31000.0,31930.0,30999.0,30703.8,30564.495619180823,30539.72857142857,30056.600000000002,30885.347499999996,58.525770971366,-90.09697950628106,88.42744065195114,28.19041079631968,65.92158299743495,Buy
24.7.2017,31000.0,31001.0,31000.0,30713.8,30605.972226877886,30567.938095238096,30006.399999999998,30874.565000000002,58.52577097136601,-42.07731178661561,42.51276570478507,27.655097481327736,65.92158299743495,Buy
21.7.2017,30340.0,30340.0,29001.0,30680.8,30580.641538603802,30532.338095238094,29867.2,30862.1325,45.68315643032444,-56.625124122641864,-97.04972978590718,27.336825979662287,45.71526118129054,Buy
20.7.2017,29500.0,29500.0,29300.0,30605.8,30477.723296832013,30419.880952380954,29842.2,30845.95,35.120240570619146,-134.3862292392114,-133.59680754451387,27.041288156687234,17.03653123933083,Buy
19.7.2017,29000.0,29000.0,28990.0,30505.8,30336.987744752776,30266.94761904762,29742.2,30824.767499999998,30.58671604162585,-233.66474488051972,-157.64241853794104,27.103653879863106,0.3401360544217687,Buy
18.7.2017,28500.0,28500.0,28500.0,30380.6,30162.036530966798,30075.91904761905,29567.4,30797.315000000002,26.853643795139007,-348.670251495445,-180.55913915079867,27.64875425328135,0.0,Buy
17.7.2017,28500.0,28500.0,28500.0,30255.6,30003.747337541387,29896.814285714285,29392.4,30763.1125,26.853643795139007,-434.8008307351047,-160.30845295951917,28.15491888574115,0.0,Buy
14.7.2017,28500.0,28500.0,28010.0,30120.6,29860.533305394587,29729.614285714284,29227.4,30721.659999999996,26.853643795139007,-497.3270585640712,-155.66074756086292,29.08590583321158,12.5,Buy
13.7.2017,28500.0,28500.0,28000.0,29985.6,29730.958704880817,29575.27142857143,29022.4,30672.9575,26.853643795139007,-540.6472990732182,-138.08159662120065,29.95950344372924,12.72264631043257,Buy
12.7.2017,28100.0,28100.0,27500.0,29830.6,29575.62930441598,29395.690476190477,28757.4,30615.879999999997,23.736359730968147,-600.3352675738497,-148.12625777806008,31.20898363164821,13.544018058690744,Buy
11.7.2017,27160.0,27160.0,27160.0,29645.1,29345.569370662077,29141.347619047618,28174.9,30549.8525,18.34648596195923,-715.2436728940156,-170.0645158269779,32.6361726803944,0.0,Buy
10.7.2017,28000.0,28000.0,28000.0,29485.05,29217.4199067895,28984.67142857143,27734.95,30475.670000000002,32.98985901079163,-730.1121537244144,-98.25048840723957,32.24300805380979,17.61006289308176,Buy
07.7.2017,28000.0,28000.0,28000.0,29325.0,29101.47515376193,28843.238095238095,27427.0,30392.982500000002,32.98985901079163,-733.4408819678938,-87.21623213820887,31.877926614838362,17.61006289308176,Buy
06.7.2017,28000.0,28000.0,28000.0,29225.0,28996.57275816556,28717.04761904762,27227.0,30307.795000000002,32.98985901079163,-727.6905592872245,-78.17164179104482,31.538922421507753,17.61006289308176,Buy
05.7.2017,28000.0,28000.0,28000.0,29125.0,28901.661066911696,28600.380952380954,27127.0,30219.607500000002,32.98985901079163,-714.8925508133434,-70.98916509015866,31.224132813415046,21.869304868523823,Buy
04.7.2017,28000.0,28000.0,28000.0,29025.0,28815.78858434868,28493.238095238095,27127.0,30128.917500000003,32.98985901079163,-696.7186974413453,-65.03316589172125,30.931828177328956,26.41509433962264,Buy
03.7.2017,28000.0,28000.0,27502.0,28925.0,28738.094433458333,28395.619047619046,27127.0,30035.2275,32.98985901079163,-674.5401092160901,-69.76322769851254,31.286136651816566,35.8974358974359,Buy
30.6.2017,28000.0,28000.0,28000.0,28825.0,28667.79972550992,28307.52380952381,27127.0,29939.0375,32.98985901079163,-649.4766556582254,-54.3029011719226,31.615137378126487,45.65217391304348,Buy
29.6.2017,28500.0,28500.0,28500.0,28740.0,28651.81879927088,28276.571428571428,27212.0,29839.847500000003,43.17941876539302,-582.5525634900041,-14.995005084682543,30.72869246964181,100.0,Buy
28.6.2017,28500.0,28500.0,28500.0,28655.0,28637.359866006987,28253.714285714286,27377.0,29737.9075,43.17941876539302,-523.4803822927934,-9.658905700043427,29.905565054620325,100.0,Buy
27.6.2017,28500.0,28500.0,28000.0,28530.0,28624.277974006323,28238.95238095238,27770.0,29629.217500000006,43.17941876539301,-471.23317044549185,-15.110648432941025,29.86066826192697,100.0,Sell
23.6.2017,28000.0,28000.0,28000.0,28380.0,28564.822928862865,28188.47619047619,27920.0,29512.527500000004,36.28768886766484,-464.81460651446105,-49.17980947863541,29.818978382997432,62.6865671641791,Sell
22.6.2017,28000.0,28000.0,28000.0,28263.0,28511.030268971164,28152.285714285714,28037.0,29391.6375,36.28768886766484,-454.4887845569392,-41.377815600667226,29.780266352562858,62.6865671641791,Sell
21.6.2017,28000.0,28000.0,28000.0,28188.0,28462.36071954534,28127.238095238095,28112.0,29270.747500000005,36.28768886766484,-441.21939374056456,-33.93845576508131,29.744319467159325,62.6865671641791,Sell
20.6.2017,28000.0,28000.0,28000.0,28138.0,28418.326365302928,28109.333333333332,28162.0,29152.357500000002,36.28768886766484,-425.79500613525306,-27.036013185519476,29.710940216427474,49.899799599198396,Sell
19.6.2017,28000.0,28000.0,28000.0,28113.0,28378.485759083604,28096.190476190477,28187.0,29038.9775,36.28768886766484,-408.85800722926433,-22.348751412791678,29.679945197890756,49.899799599198396,Sell
16.6.2017,28000.0,28000.0,28000.0,28088.0,28342.43949631374,28085.428571428572,28212.0,28930.597500000003,36.28768886766484,-390.92892823193324,-16.813440759478844,29.651164109249518,49.899799599198396,Sell
15.6.2017,28500.0,28500.0,28001.0,28088.0,28357.445258569573,28124.666666666668,28312.0,28828.967500000006,48.988410851614475,-332.5408586102967,108.41892969373046,28.025461421306552,100.0,Sell
14.6.2017,28000.0,28003.0,28000.0,28063.0,28323.40285299152,28116.285714285714,28237.0,28732.8375,40.33033209671011,-322.8916204895213,-11.621424589390067,26.51835985270582,49.899799599198396,Sell
13.6.2017,28000.0,28030.0,28000.0,28058.0,28292.602581278043,28110.285714285714,28142.0,28644.2075,40.330332096710116,-311.65199950612805,-10.265779285744783,25.037001014475425,49.899799599198396,Sell
12.6.2017,28000.0,28000.0,28000.0,28100.0,28264.735668775375,28104.761904761905,28000.0,28566.952500000003,40.330332096710116,-299.29443891223127,-36.93390004396846,23.661453521832918,0.0,Sell
09.6.2017,28000.0,28000.0,28000.0,28100.0,28239.522747939627,28095.238095238095,28000.0,28497.7,40.33033209671012,-286.2018266074738,-36.93390004396846,22.384159421522014,0.0,Sell
08.6.2017,28000.0,28000.0,27999.0,28100.0,28216.711057659664,28085.714285714286,28000.0,28436.45,40.33033209671012,-272.682522646679,-37.08679368180981,21.201437647953288,0.1996007984031936,Sell
07.6.2017,27600.0,27600.0,27500.0,28080.0,28157.976671215885,28038.095238095237,27940.0,28379.2,33.47455882906169,-290.8918141572067,-223.81717960496337,21.51846787697141,10.0,Sell
06.6.2017,27500.0,27500.0,27500.0,28055.0,28095.31222633818,27982.85714285714,27865.0,28325.7,32.00958655661792,-309.82055463802317,-227.29551640166127,21.812853089631094,0.0,Sell
05.6.2017,27500.0,27500.0,27500.0,28030.0,28038.615823829783,27930.0,27790.0,28275.95,32.00958655661792,-321.12004584506576,-202.69160507483187,22.0862107871008,0.0,Sell
01.6.2017,27500.0,27500.0,27498.0,28005.0,27987.319078703138,27879.52380952381,27715.0,28229.95,32.00958655661792,-326.3134358694442,-172.74529938741742,22.34563118230082,0.1996007984031936,Buy
31.5.2017,27500.0,27500.0,27499.0,27980.0,27940.907737874266,27831.428571428572,27540.0,28187.7,32.00958655661792,-326.6636595538512,-137.3320466186627,22.58652154927227,0.1996007984031936,Buy
30.5.2017,27500.0,27500.0,27500.0,27930.0,27898.91652474338,27785.714285714286,27490.0,28147.2,32.00958655661792,-323.215388542445,-114.14197359918825,22.81020546146004,0.1996007984031936,Buy
29.5.2017,27000.0,27000.0,27000.0,27855.0,27813.305427148774,27697.14285714286,27365.0,28107.2,24.305616242432606,-356.7164253449919,-199.71769944931492,24.329947153557217,0.0,Buy
26.5.2017,27000.0,27001.0,27000.0,27780.0,27735.84776742032,27615.714285714286,27240.0,28069.7,24.305616242432606,-378.89853195273827,-165.73061915418577,25.735657269375213,0.0,Buy
25.5.2017,27000.0,27000.0,27000.0,27730.0,27665.767027666006,27541.428571428572,27090.0,28037.2,24.305616242432606,-391.9597433183262,-140.50705525410388,27.040959519777637,0.0,Buy
23.5.2017,27000.0,27000.0,27000.0,27680.0,27602.36064407877,27471.904761904763,26940.0,28008.05,24.305616242432606,-397.72610842448194,-122.83337149835815,28.253025895151318,0.0,Buy
22.5.2017,27450.0,27450.0,27450.0,27652.5,27587.85010654746,27450.0,26937.5,27981.275,41.38354898921638,-361.8139886823046,-36.174064061296235,27.009687597171858,45.0,Buy
19.5.2017,27450.0,27450.0,27450.0,27625.0,27574.721524971512,27430.714285714286,26955.0,27955.625,41.38354898921638,-329.55447619276674,-32.26257073985194,25.855159177619505,45.0,Buy
18.5.2017,26501.0,26501.0,26501.0,27550.05,27472.462332117084,27323.666666666668,26830.149999999998,27927.477499999997,26.667810376911874,-376.22802650788435,-193.23878035330222,27.077546680022415,0.0,Buy
17.5.2017,26501.0,26501.0,26501.0,27475.1,27379.942110010696,27223.757142857143,26705.300000000003,27896.832499999997,26.667810376911874,-408.50812403103555,-168.23046559351732,28.212620789396546,0.0,Buy
16.5.2017,26501.0,26501.0,26500.0,27375.15,27296.233337628728,27130.985714285714,26605.449999999997,27861.189999999995,26.667810376911874,-429.1434354918383,-141.4904044781801,29.268411114465884,0.1,Buy
15.5.2017,26514.0,26550.0,26512.0,27300.85,27221.73492452123,27048.97142857143,26482.550000000003,27823.082499999997,27.111261700416335,-439.38314178743167,-118.12278000518315,30.016953670629537,1.4,Buy
12.5.2017,26550.0,26550.0,26550.0,27228.35,27157.760169804922,26977.461904761905,26465.050000000003,27781.6,28.40246084630577,-439.5266935371146,-101.08005975592582,30.71202890135293,5.0,Buy
11.5.2017,27000.0,27000.0,27000.0,27178.35,27142.735391728263,26955.714285714286,26515.050000000003,27735.517499999998,42.18855700672145,-398.7328757508294,-28.167931852204696,29.41408228411357,50.0,Buy
10.5.2017,27500.0,27500.0,27500.0,27153.35,27176.760592516046,26986.347619047618,26640.050000000003,27688.184999999998,53.014165693256096,-322.34190311768907,58.799994364848345,27.936153092031244,100.0,Sell
09.5.2017,27500.0,27500.0,27500.0,27128.35,27207.54529799071,27019.361904761903,26765.050000000003,27639.602499999997,53.01416569325608,-258.8180139821234,67.2863459976535,26.563790270811943,100.0,Sell
08.5.2017,27500.0,27500.0,27500.0,27123.35,27235.3981267535,27054.757142857143,26780.050000000003,27591.769999999997,53.01416569325608,-206.0990921353732,68.50620769207383,25.28945336539402,100.0,Sell
05.5.2017,27000.0,27000.0,27000.0,27098.35,27212.979257538882,27043.009523809524,26715.050000000003,27543.9375,42.96542429379735,-202.33242582085222,-18.782375216890564,24.34273128176563,50.0,Sell
04.5.2017,27000.0,27000.0,27000.0,27073.35,27192.695518725657,27033.64285714286,26839.85,27496.105,42.96542429379735,-197.07555134855284,-14.886170505767419,23.463632204110695,50.0,Sell
03.5.2017,27000.0,27000.0,27000.0,27048.35,27174.34356456131,27026.657142857144,26964.65,27448.2725,42.965424293797355,-190.71104227369142,-10.66277079403874,22.647325917716824,50.0,Sell
02.5.2017,27000.0,27000.0,27000.0,27023.35,27157.739415555472,27022.05238095238,27089.450000000004,27400.440000000002,42.965424293797355,-183.55125832872727,-5.784307797730929,21.88932722320823,50.0,Sell
28.4.2017,27000.0,27100.0,27000.0,26998.35,27142.716614074,27019.82857142857,27211.65,27353.857500000002,42.965424293797355,-175.849988761267,8.985527128060873,20.794525962296316,50.0,Sell
27.4.2017,27750.0,27750.0,27750.0,27035.85,27200.55312701933,27091.414285714287,27414.15,27312.9,59.60282320564785,-107.9831822481683,162.4545990453911,20.780112221153246,100.0,Sell
26.4.2017,27750.0,27750.0,27111.0,27073.35,27252.881400636536,27159.428571428572,27526.65,27277.567499999997,59.60282320564785,-53.58060526783811,97.35935311455476,19.655030035392485,100.0,Sell
25.4.2017,27000.0,27002.0,27000.0,27073.35,27228.79745771877,27152.442857142858,27426.65,27244.734999999997,44.53584193730257,-70.17595828589765,-13.258327704473588,18.869626922398457,39.41841680129241,Sell
24.4.2017,27999.0,27999.0,27999.0,27123.3,27302.150080793173,27240.6,27476.500000000004,27216.9,59.29586048679795,-2.685981781120063,156.47233726239742,18.99842786636749,100.0,Sell
21.4.2017,27999.0,28000.0,27999.0,27150.75,27368.51673976525,27324.0,27548.85,27191.8125,59.29586048679795,50.221389916710905,139.4666319478355,19.119680455814667,99.9,Sell
20.4.2017,28000.0,28000.0,27750.0,27178.25,27428.658002644752,27404.880952380954,27721.35,27169.475,59.30843186186049,91.18048295727203,114.39640902212882,18.60723862821814,100.0,Sell
19.4.2017,27500.0,27500.0,27500.0,27228.2,27435.452478583346,27435.52380952381,27771.399999999998,27153.3825,50.85166980172077,82.34580675876714,44.48720806980877,17.550145146006415,50.0,Sell
18.4.2017,27001.0,27001.0,27001.0,27253.2,27394.076052051598,27413.885714285716,27746.600000000002,27142.2875,44.094196642234294,34.67937034388524,-39.583926927063565,17.026601432220126,0.1,Sell
13.4.2017,27000.0,27800.0,27000.0,27278.15,27356.544999475256,27389.77142857143,27721.65,27137.4375,44.08155451519695,-3.141106851180666,-2.2183393758248284,16.56827006350318,0.0,Sell
12.4.2017,26501.0,27000.0,26501.0,27277.5,27275.064523334757,27315.757142857143,27622.5,27136.269999999997,38.196534942527094,-72.54300656980922,-113.7069861966832,15.517964089748398,0.0,Buy
11.4.2017,26501.0,26501.0,26501.0,27275.05,27201.34409254097,27241.80476190476,27375.149999999998,27138.605,38.19653494252708,-126.09101339699919,-142.95630571386798,14.542679971261814,0.0,Buy
10.4.2017,26501.0,27001.0,26501.0,27250.1,27134.644655156117,27168.085714285713,27150.300000000003,27142.192499999997,38.19653494252708,-166.60764537389332,-105.16679900620976,14.213834346282086,0.0,Buy
07.4.2017,27002.0,27002.0,27002.0,27225.2,27122.011830855532,27144.457142857143,27175.600000000002,27145.784999999996,47.05934690562635,-156.48697076463213,-42.2319458797831,13.910082717295953,33.42228152101401,Buy
06.4.2017,27001.0,27499.0,27001.0,27200.25,27110.486894583577,27123.10476190476,27000.949999999997,27149.379999999997,47.04484524584119,-146.8541120734517,-10.628493821770618,14.385692042543424,33.3555703802535,Buy
05.4.2017,27002.0,27002.0,27002.0,27175.35,27100.154809385138,27104.22380952381,26826.450000000004,27151.98,47.06241317776269,-137.55367734875472,-37.12707733353261,14.82732927313036,33.42228152101401,Buy
04.4.2017,27002.0,27002.0,27002.0,27175.45,27090.806732300836,27087.714285714286,26626.749999999996,27155.835,47.06241317776269,-128.69944869152823,-37.15307328052441,15.237420987246802,33.42228152101401,Buy
03.4.2017,27000.0,27000.0,27000.0,27175.45,27082.15847208171,27071.004761904762,26526.749999999996,27160.940000000002,47.026226235330356,-120.45525873282531,-37.527160274454616,15.613124164352456,33.28885923949299,Buy
31.3.2017,27000.0,27700.0,27000.0,27175.45,27074.333855692978,27054.295238095237,26526.55,27167.295000000002,47.026226235330356,-112.62342604458172,4.002232624221346,16.99763295266332,33.28885923949299,Buy
30.3.2017,27600.0,27600.0,27410.0,27205.45,27124.39729800793,27094.72857142857,26616.55,27176.4,58.20700011523758,-57.34066908319801,55.21738054586458,18.28324825609484,73.3155436957972,Buy
29.3.2017,27500.0,27500.0,27010.0,27230.45,27160.168983911935,27122.780952380952,26791.350000000002,27188.004999999997,56.082429342135576,-21.351720819060574,15.453553347905439,18.43728469668822,76.905311778291,Buy
28.3.2017,27500.0,27500.0,27500.0,27217.95,27192.53384258699,27148.45238095238,27003.649999999998,27197.109999999997,56.08242934213559,7.088073072434781,50.393270488123946,18.580318534382076,76.905311778291,Buy
27.3.2017,27500.0,27700.0,27500.0,27205.45,27221.81633376918,27175.314285714285,27215.95,27203.715000000004,56.08242934213559,29.28918711195729,62.815139992975084,19.047563177599454,76.905311778291,Sell
24.3.2017,27700.0,27700.0,27700.0,27240.45,27267.357635314973,27222.414285714287,27320.55,27212.07,59.75207032134982,62.30385837241192,79.18514867750942,19.481433203444166,100.0,Sell
23.3.2017,27700.0,27700.0,27700.0,27225.5,27308.561670046878,27266.180952380953,27475.300000000003,27217.18,59.75207032134982,87.4600383243669,85.88848461008955,19.88431251315711,100.0,Sell
22.3.2017,27700.0,27700.0,27700.0,27210.55,27345.841510994793,27311.371428571427,27629.850000000002,27220.170000000002,59.75207032134982,106.17260052803977,92.93552812071347,20.258414729319128,100.0,Sell
21.3.2017,27500.0,27500.0,27500.0,27185.55,27360.52327185243,27338.938095238096,27754.45,27220.534999999996,54.10554718573433,103.66907974142669,59.80795610425237,19.950263186904717,71.42857142857143,Sell
20.3.2017,27500.0,28100.0,27500.0,27185.55,27373.806769771247,27368.885714285716,27854.45,27218.402500000004,54.10554718573433,100.52621781753624,98.45662586482163,20.81432640287637,45.45454545454545,Sell
17.3.2017,27650.0,27900.0,27650.0,27218.0,27400.11088693589,27413.119047619046,27952.0,27216.642499999998,57.59142725384138,108.88407565133093,94.71802540435634,21.616670817707192,59.09090909090909,Sell
16.3.2017,28000.0,28000.0,28000.0,27268.0,27457.243183418188,27487.595238095237,27982.0,27216.135,64.38826426267977,142.11163861910245,129.2586219561179,22.53502230095062,90.9090909090909,Sell
15.3.2017,28500.0,28500.0,28450.0,27367.95,27556.55335642598,27604.928571428572,28082.05,27220.6575,71.43221631326463,206.41116358109502,194.77391911053093,24.14257390023011,100.0,Sell
14.3.2017,28100.0,28100.0,27300.0,27447.9,27608.310179623506,27674.64761904762,28122.1,27229.3,61.031730958199134,222.527188396547,72.99163068393806,22.678233727714282,73.33333333333333,Sell
13.3.2017,27000.0,27000.0,27000.0,27472.85,27550.37587680222,27631.990476190476,27997.15,27240.4375,42.64380318544492,144.86849344117218,-103.08010687531478,21.347790350350305,0.0,Sell
10.3.2017,27000.0,27000.0,26700.0,27472.75,27497.95912663058,27586.957142857143,27857.25,27252.815000000002,42.64380318544492,82.37386356512434,-120.89772198007677,20.61971822880318,16.666666666666668,Sell
09.3.2017,27000.0,27000.0,27000.0,27472.7,27450.534447903858,27541.933333333334,27717.3,27266.4375,42.64380318544492,32.47210097203788,-95.31416400425995,19.94365125879514,16.666666666666668,Buy
08.3.2017,27000.0,27000.0,27000.0,27472.6,27407.62640524635,27496.914285714287,27577.4,27281.3,42.64380318544493,-6.994774005132058,-95.25927123760289,19.315874786644816,16.666666666666668,Buy
07.3.2017,27500.0,27500.0,27500.0,27497.5,27416.42389046098,27499.52380952381,27552.5,27297.402500000004,51.56550892790896,2.0496376111004793,0.8509536230272738,18.19951110680268,44.44444444444444,Buy
06.3.2017,27500.0,27500.0,27500.0,27522.5,27424.383519940886,27499.761904761905,27527.5,27314.754999999997,51.56550892790896,9.112357394635183,-5.1469098277611876,17.162887689806414,44.44444444444444,Buy
03.3.2017,27500.0,27501.0,27499.0,27547.5,27431.585089470325,27497.619047619046,27472.5,27333.357500000002,51.56550892790896,14.541982781796833,-8.817891373801922,16.200308802595593,44.44444444444444,Buy
02.3.2017,27000.0,27000.0,26999.0,27517.5,27390.48174761601,27445.47619047619,27302.5,27348.96,43.17717318856412,-21.25579770155673,-118.91761134748464,15.838367027020452,16.666666666666668,Buy
01.3.2017,27000.0,27000.0,27000.0,27492.5,27353.29300974782,27396.190476190477,27027.5,27362.0625,43.17717318856412,-49.06026049961292,-107.45025923939417,15.502278235414963,16.666666666666668,Buy
28.2.2017,26500.0,26500.0,26500.0,27442.5,27272.027008819456,27301.666666666668,26757.5,27373.289999999997,36.32416165544967,-110.17133237273447,-170.15805838529343,16.092789933244067,0.0,Buy
27.2.2017,26500.0,26501.0,26500.0,27392.5,27198.500627027126,27211.904761904763,26707.5,27382.642499999998,36.32416165544967,-156.7948635283392,-140.82010582010608,16.638415476716983,0.0,Buy
24.2.2017,26900.0,26900.0,26900.0,27352.5,27170.071995881688,27165.0,26727.5,27388.245000000003,44.4974947323853,-159.6276031684465,-68.93895628730986,16.117536165400715,20.0,Buy
23.2.2017,27100.0,27100.0,27100.0,27322.5,27163.398472464385,27140.95238095238,26777.5,27393.095,48.08561450400657,-144.07345213812368,-33.91812865497078,15.172625084506032,37.5,Buy
22.2.2017,27100.0,27100.0,27100.0,27292.5,27157.360522705872,27119.761904761905,26827.5,27397.192499999997,48.08561450400657,-130.24528877091143,-30.030030030030044,14.295207652246685,59.94005994005994,Buy
21.2.2017,27100.0,27100.0,27100.0,27272.5,27151.897615781505,27101.428571428572,26767.5,27401.539999999997,48.08561450400658,-117.92698084764561,-27.169505271695066,13.480462893720146,59.94005994005994,Buy
20.2.2017,27100.0,27100.0,27100.0,27252.5,27146.954985707078,27085.0,26707.5,27404.8875,48.08561450400658,-106.931987678734,-23.579849946409443,12.723914189374074,59.94005994005994,Buy
17.2.2017,27998.0,27998.0,27998.0,27269.9,27228.006891830213,27156.0,26789.699999999997,27407.482500000002,62.662980691800435,-25.463751005896484,122.71799166844664,13.540728163151899,100.0,Buy
16.2.2017,27998.0,27998.0,27500.0,27269.8,27301.339568798765,27225.342857142856,26989.399999999998,27407.5725,62.662980691800435,38.6548247463943,99.51340252580687,13.095761504938064,100.0,Sell
15.2.2017,27700.0,27700.0,27600.0,27229.8,27339.307228913167,27266.314285714285,27169.399999999998,27400.664999999997,56.551521274276595,64.67758552387386,90.68902211174498,12.682578179453788,80.10680907877169,Sell
14.2.2017,28216.0,28216.0,28216.0,27235.6,27422.801778540485,27360.238095238095,27506.800000000003,27390.05,63.23739645901808,125.49111507290945,180.89846459542997,13.227140666215433,100.0,Sell
13.2.2017,27500.0,27500.0,27000.0,27260.6,27430.153990108058,27385.41904761905,27681.800000000003,27379.4375,51.414645543187724,114.59013548798612,17.55187581484316,13.087089504909438,58.27505827505828,Sell
10.2.2017,27500.0,27500.0,27500.0,27285.6,27436.805991050147,27408.219047619048,27776.800000000003,27370.079999999998,51.414645543187724,104.74361147714444,42.61553534965081,12.957041997982442,58.27505827505828,Sell
09.2.2017,28000.0,28000.0,27200.0,27335.6,27490.44351571204,27476.257142857143,27906.800000000003,27363.225,57.803811015911094,135.7214788592246,76.54276970615362,12.110803401034376,87.41258741258741,Sell
08.2.2017,27200.0,27200.0,27200.0,27345.6,27462.782228501368,27463.342857142856,27916.800000000003,27356.875,47.12556350953426,94.62754043938548,-20.874927496412408,11.325010418154026,40.79254079254079,Sell
07.2.2017,26502.0,27000.0,26502.0,27295.7,27371.279159120284,27383.0,27847.100000000002,27346.784999999996,40.15547357747587,5.672146629658528,-105.25276977153845,11.538932452976614,0.0,Sell
06.2.2017,27000.0,27000.0,27000.0,27270.7,27335.919239204068,27354.838095238094,27852.100000000002,27334.195,46.26234958812839,-24.3603943509479,-43.39309312469952,11.737574342454732,29.054842473745623,Sell
03.2.2017,27200.0,27200.0,27200.0,27255.7,27322.97454975606,27348.10476190476,27707.499999999996,27319.605,48.533794226622284,-31.65813563944903,-5.907242303397659,11.527918166827023,40.72345390898483,Sell
02.2.2017,27000.0,27000.0,27000.0,27255.7,27292.215068826914,27323.75238095238,27507.899999999998,27306.514999999996,46.42069540391448,-52.96937869295289,-42.41365097182078,11.655089961574959,29.054842473745623,Sell
01.2.2017,27100.0,27200.0,27100.0,27260.7,27273.90887179578,27308.92380952381,27382.899999999998,27294.925,47.648030838858354,-61.08537392070866,-19.544676517578136,11.364289139400794,34.88914819136523,Sell
31.1.2017,26626.0,27198.0,26626.0,27267.0,27212.203264958083,27248.47619047619,27058.6,27286.15,42.65978459973601,-104.5598958350929,-83.5856671228539,11.848225349964531,7.234539089848308,Buy
30.1.2017,27449.0,27449.0,27449.0,27314.45,27234.755334962076,27265.809523809523,27000.95,27282.247499999998,52.04678494042242,-71.77714353627744,29.545256175264917,11.78156573235523,55.25087514585764,Buy
27.1.2017,27450.0,27496.0,27000.0,27341.95,27255.25482687045,27278.719047619048,26963.45,27281.72,52.05705509709476,-45.194905768985336,-1.6435160640441075,12.390285369115352,55.309218203033836,Buy
26.1.2017,26190.0,26500.0,26190.0,27296.45,27153.80198621612,27169.009523809524,26646.95,27280.4175,40.335149107209695,-124.36614505935358,-188.51866847675103,13.92299108577572,0.0,Buy
25.1.2017,27000.0,27000.0,26999.0,27291.45,27139.15417800506,27140.77619047619,26611.95,27280.364999999998,48.3818880224142,-120.36223116936162,-52.30651542797585,14.375724267381843,44.751381215469614,Buy
24.1.2017,27000.0,27000.0,27000.0,27286.45,27125.90139914744,27113.019047619047,26716.55,27281.0625,48.3818880224142,-115.85361223937798,-50.66002922455787,14.796119364587526,44.751381215469614,Buy
23.1.2017,27500.0,27500.0,27500.0,27306.45,27161.529837323873,27133.35714285714,26796.55,27283.76,52.92683768556001,-71.11490951942687,38.209358773466704,14.281713666680615,72.37569060773481,Buy
20.1.2017,27000.0,27000.0,27000.0,27256.55,27146.14604329303,27104.17142857143,26806.45,27283.0925,48.34284562796545,-75.13883292095124,-48.17882710844344,14.47646054341868,61.83206106870229,Buy
18.1.2017,27500.0,27500.0,27500.0,27231.65,27179.846420122263,27127.35714285714,26931.35,27281.184999999998,52.74996420318449,-37.549156578319526,57.43738220371363,13.831017816542184,100.0,Buy
17.1.2017,28689.0,28700.0,28689.0,27281.1,27323.57533249157,27266.152380952382,27199.700000000004,27283.75,61.2222948212924,87.17835801010733,252.12609274040332,13.987304507983326,99.56175298804781,Sell
16.1.2017,28312.0,28312.0,28312.0,27285.9,27417.711015111425,27364.333333333332,27532.1,27286.265000000003,57.69008793371563,153.83178558781947,180.8971656125558,13.598558539704195,84.54183266932272,Sell
13.1.2017,27500.0,27500.0,27400.0,27285.9,27425.548061291287,27384.72380952381,27542.299999999996,27287.530000000006,50.88096423395808,139.5251344240569,30.621624727105807,13.131111506570461,52.191235059760956,Sell
12.1.2017,27499.0,27499.0,27499.0,27285.85,27432.54348402545,27405.019047619047,27552.15,27287.5425,50.8730006964115,126.64641759291408,36.208181963136646,12.697053547231993,52.15139442231076,Sell
11.1.2017,27499.0,27499.0,27499.0,27260.8,27438.872676023027,27425.319047619047,27839.000000000004,27283.8025,50.8730006964115,115.11299081531615,39.545755800649054,12.293999727846273,52.15139442231076,Sell
10.1.2017,27499.0,27499.0,26806.0,27275.75,27444.59908783036,27448.004761904762,27923.85,27280.309999999998,50.8730006964115,104.765001279422,-2.2713856351336084,12.716551487242908,52.15139442231076,Sell
09.1.2017,27700.0,27700.0,27300.0,27335.65,27468.92298422747,27488.409523809525,28003.949999999997,27282.307500000003,52.730307228926314,111.49788695609095,45.21458643937442,12.803818349694284,60.1593625498008,Sell
05.1.2017,26800.0,26800.0,26800.0,27325.65,27405.21603334866,27437.39523809524,27873.949999999997,27285.055,44.59964554108463,43.70743685141497,-94.29918821123005,13.427394107817582,24.302788844621514,Sell
04.1.2017,26675.0,26675.0,26675.0,27299.4,27335.671649220218,27375.428571428572,27835.199999999997,27287.24,43.59422730018881,-19.87433957648318,-104.81878030400019,14.136515052215401,0.0,Sell
03.1.2017,26675.0,26675.0,26675.0,27283.15,27272.750539770674,27315.961904761905,27686.449999999997,27288.6125,43.59422730018881,-69.46263347780769,-97.97144183252833,14.794984500584805,0.0,Buy
29.12.2016,26675.0,27299.0,26675.0,27261.9,27215.821916935372,27258.042857142857,27304.9,27288.672499999997,43.59422730018881,-107.52226393066667,-59.89600891578772,14.362677759944065,0.0,Buy
28.12.2016,26675.0,27450.0,26675.0,27264.35,27164.315067703432,27202.14761904762,26975.050000000003,27288.54,43.59422730018881,-136.115737773438,-53.655648503546225,13.72865021900985,0.0,Buy
27.12.2016,27499.0,27499.0,27499.0,27266.85,27196.18982316025,27224.495238095238,26972.35,27286.160000000003,52.99052352729693,-91.23466186366568,36.864378496002004,13.061875633298717,40.69135802469136,Buy
26.12.2016,27499.0,27499.0,27499.0,27269.3,27225.028887621178,27246.60476190476,26969.899999999998,27282.527500000004,52.99052352729693,-55.03171450570517,34.6290491118073,12.442727803709806,40.69135802469136,Buy
23.12.2016,27770.0,27770.0,27770.0,27348.3,27276.930898323924,27294.290476190476,26945.100000000002,27285.120000000003,55.799035860518195,-4.422206296414515,70.86861084979593,11.704608865410744,66.89065363469761,Buy
22.12.2016,27770.0,27770.0,27770.0,27386.8,27323.889860388314,27334.45238095238,26960.8,27289.8875,55.799035860518195,35.2795133125328,65.06956944087293,11.01921270841876,100.0,Buy
21.12.2016,27000.0,27000.0,27000.0,27386.8,27293.043207018,27297.614285714284,26820.8,27294.905,46.62076063312681,4.558302028228354,-66.92665923830769,11.323627813123947,29.680365296803654,Buy
20.12.2016,25524.0,25524.0,25524.0,27288.0,27124.562901587713,27120.204761904763,26664.4,27293.982500000002,34.80307739937005,-137.3065592575149,-242.16166106683406,13.180391817732708,0.0,Buy
19.12.2016,25524.0,25524.0,25524.0,27214.2,26972.12833953174,26952.204761904763,26507.999999999996,27291.865,34.80307739937005,-246.8894954870011,-197.13192819927963,14.90452982201227,0.0,Buy
16.12.2016,26713.0,26713.0,25300.0,27174.85,26947.449450052525,26904.47142857143,26554.950000000004,27289.025,47.286640226878454,-235.0825139518456,-99.15597492815617,14.587885253036697,57.20647773279352,Buy
15.12.2016,27455.0,27455.0,27455.0,27113.15,26995.78759766657,26931.152380952382,26772.65,27280.627500000002,53.29654018904822,-163.96214364422121,43.23822834355664,13.714317910983354,87.24696356275304,Buy
14.12.2016,27455.0,27750.0,27455.0,27070.3,27039.522112174516,26963.709523809524,26971.500000000004,27269.847500000003,53.29654018904822,-106.372541338882,63.39370728283298,13.233513612418966,87.24696356275304,Buy
13.12.2016,28300.0,28300.0,28300.0,27110.3,27159.56762530075,27080.82380952381,27091.7,27261.067499999997,59.40878532298221,7.3671475480769,142.87043028946565,13.364069456924227,100.0,Sell
12.12.2016,28300.0,28300.0,28300.0,27150.35,27268.180232414965,27194.128571428573,27211.85,27254.2925,59.40878532298221,96.39548331367041,129.78299456161483,13.485299883964828,100.0,Sell
09.12.2016,28200.0,28499.0,28000.0,27185.4,27356.92497218497,27294.095238095237,27262.799999999996,27250.5225,58.360490834122785,157.0712964255872,112.02010296425361,13.169858659354206,90.65332916536417,Sell
07.12.2016,28700.0,28700.0,28700.0,27245.45,27484.836879595925,27438.342857142856,27388.749999999996,27249.0075,61.97353501247697,242.70538024346024,139.56284388892007,13.11217089265493,100.0,Sell
06.12.2016,28700.0,28700.0,28700.0,27295.45,27600.566700586787,27576.871428571427,27678.749999999996,27246.997499999998,61.97353501247697,307.03173787576816,124.95708430987479,13.058603680719889,100.0,Sell
05.12.2016,28700.0,28700.0,28700.0,27390.45,27705.274633864236,27710.638095238097,28218.95,27250.2375,61.97353501247697,353.93094413611834,112.57043480263863,13.008862698208778,100.0,Sell
02.12.2016,28799.0,28799.0,28000.0,27496.65,27809.438954448593,27844.785714285714,28767.75,27260.1,62.7723613955585,394.53937132999636,90.52640715184648,12.288867298389379,100.0,Sell
01.12.2016,28600.0,28600.0,27997.0,27592.9,27884.730482596344,27949.866666666665,29048.9,27275.5875,60.041975789395984,405.9842715949453,71.7702793036299,11.624652423108442,94.3126607602172,Sell
29.11.2016,28200.0,28200.0,28200.0,27669.15,27914.7561509205,28007.685714285715,29121.65,27295.95,54.87516066200776,378.41564050230227,49.32408902396548,11.007881467490432,82.88082309231208,Sell
28.11.2016,28999.0,28999.0,28999.0,27785.35,28018.01746988045,28134.338095238094,29314.25,27322.0,61.92363194814818,416.24174844393565,109.08616415118958,11.202726923896776,100.0,Sell
25.11.2016,28500.0,28500.0,28500.0,27835.4,28063.920567987076,28202.4,29304.199999999997,27350.4275,56.036684640042324,401.3278244843168,60.11251644151303,10.583684330798544,86.50986753176534,Sell
24.11.2016,28888.0,28888.0,28600.0,27904.85,28142.40432341688,28302.64761904762,29352.35,27382.204999999998,59.27839686170905,416.02115671556385,77.31219265438799,10.539164972326592,92.81088082901555,Sell
23.11.2016,28900.0,28900.0,28000.0,27961.35,28214.55629261527,28397.42380952381,29435.85,27412.857500000002,59.37816176790357,423.7493098116647,56.53675941133157,9.959117523177143,93.5880829015544,Sell
22.11.2016,28000.0,29000.0,27160.0,27972.85,28194.122359985246,28401.10476190476,29284.35,27442.159999999996,49.5694310402909,353.180206854915,11.225198251266876,10.431878123339407,45.65217391304348,Sell
21.11.2016,29141.0,29950.0,29141.0,28079.9,28284.301182843792,28512.35714285714,29265.5,27476.815000000002,58.8501590160223,384.886120984469,116.29129922952757,9.753205981839404,71.00358422939068,Sell
18.11.2016,30000.0,30849.0,29950.0,28303.7,28447.701070192,28695.22380952381,29301.7,27527.6,64.19274378921322,473.8649868012508,199.81772327854225,10.06232152376754,76.98563296286257,Sell
17.11.2016,29546.0,29546.0,28900.0,28504.8,28552.300968268955,28813.538095238095,29250.000000000004,27592.129999999997,59.77547649371974,501.9610784035576,106.39670335624284,9.503655107985148,64.67877473570073,Sell
16.11.2016,28900.0,28900.0,28500.0,28614.15,28585.415161767152,28851.17619047619,29200.65,27664.095,54.07364076818566,466.7205680816769,27.018092586235756,9.372033856220513,47.167253998373546,Buy
15.11.2016,28500.0,28837.0,28000.0,28666.4,28577.280384455993,28840.30476190476,29208.4,27741.7575,50.83987692211963,401.88289682571485,-32.956128059556754,9.707883618731163,36.324207102195714,Buy
14.11.2016,28000.0,28001.0,27950.0,28693.65,28522.30130022209,28776.838095238094,28981.35,27822.925,47.05200310579517,306.6182495815774,-121.33215042103991,10.06530786877381,22.770398481973434,Buy
11.11.2016,27000.0,28000.0,26000.0,28628.65,28377.320224010466,28615.538095238095,28746.35,27898.8425,40.54549082535644,148.71440060589157,-246.868311802172,11.845193505961358,20.622808826562178,Buy
10.11.2016,25500.0,25500.0,25500.0,28488.65,28103.28972648566,28317.571428571428,28208.75,27965.7575,33.142163732392575,-96.35231184635268,-337.95661056226487,13.783974509140519,0.0,Buy
09.11.2016,25600.0,25600.0,25600.0,28358.65,27864.88118110607,28042.461904761905,27678.75,28024.420000000002,34.007278722478205,-279.280906367665,-238.7291654798794,15.454296558227847,1.869508319312021,Buy
08.11.2016,25333.0,25333.0,25333.0,28190.3,27623.74964004835,27754.30476190476,27313.7,28071.6625,32.787378910682406,-440.7174871878633,-198.83720657194394,17.168129067549128,0.0,Buy
07.11.2016,25333.0,25500.0,25000.0,28021.95,27405.583007662794,27482.180952380953,26720.45,28107.9875,32.787378910682406,-562.1767173212029,-160.9385729956626,18.960506009954543,5.6932809027184135,Buy
04.11.2016,25500.0,25501.0,25500.0,27861.95,27224.098911694906,27241.995238095238,25980.45,28131.5625,34.491974534404775,-637.6085732111933,-121.65847479363318,20.623329357357097,8.548469823901522,Buy
03.11.2016,25500.0,25700.0,25265.0,27697.0,27059.89901534301,27017.04761904762,25336.199999999997,28141.580000000005,34.491974534404775,-689.4414110371254,-103.94809853409363,22.31850276395158,8.548469823901522,Buy
02.11.2016,25200.0,25994.0,25200.0,27527.0,26882.76577578653,26779.238095238095,24766.199999999997,28138.284999999996,32.76095775659732,-746.1259260171319,-91.34856892954852,23.407659577353808,3.4193879295606084,Buy
01.11.2016,25200.0,26000.0,25200.0,27377.0,26722.502368568767,26557.619047619046,24256.199999999997,28123.6775,32.76095775659732,-782.0340112462873,-80.75189949281493,24.408873339449922,3.4193879295606084,Buy
31.10.2016,25999.0,25999.0,25161.0,27227.0,26653.597381086027,26426.380952380954,24006.0,28095.76,41.785213973944785,-737.5171662121866,-63.117950438173324,25.370646408805904,21.975362956445228,Buy
28.10.2016,25000.0,25000.0,25000.0,27052.0,26496.111916220692,26214.285714285714,23781.0,28056.590000000004,35.38976585512674,-773.9268498326273,-84.36441355147701,26.400917019998314,0.0,Buy
27.10.2016,25399.0,25399.0,25000.0,26877.55,26391.62506705682,26056.85714285714,23935.250000000004,28005.225,39.380499945021185,-761.8042162038291,-67.01124032623335,26.596477051820766,10.398749022673965,Buy
26.10.2016,25000.0,25000.0,25000.0,26682.55,26259.089346384742,25878.042857142857,24010.250000000004,27941.285000000003,36.9243810642573,-775.4539566233834,-71.8828031605231,26.778068509941622,0.0,Buy
25.10.2016,25000.0,25000.0,24450.0,26532.55,26139.176075300482,25717.8,24093.649999999998,27869.27,36.924381064257304,-777.3111155660699,-73.86194398090821,27.496475034578364,15.492957746478874,Buy
21.10.2016,25000.0,25000.0,25000.0,26325.5,26030.683115748056,25571.842857142856,24234.1,27781.55,36.9243810642573,-769.9079082924945,-62.77827248441672,28.163566807455336,35.483870967741936,Buy
20.10.2016,24500.0,24999.0,24500.0,26050.5,25884.9037713911,25397.985714285714,24309.1,27668.889999999996,33.64053899276405,-795.2198352628584,-80.03205269149777,29.24660985523993,3.225806451612903,Buy
19.10.2016,24889.0,24889.0,24500.0,25817.65,25790.055793163374,25287.366666666665,24419.75,27534.5325,38.242303671873614,-774.9574437409174,-77.41734433430267,30.252292685325624,28.322580645161292,Buy
18.10.2016,24500.0,24500.0,24101.0,25597.65,25667.193336671622,25161.876190476192,24499.75,27383.7075,35.58481767475986,-781.2822658392106,-118.57649683625321,31.537680815485693,21.011058451816744,Sell
17.10.2016,24001.0,24001.0,24001.0,25372.7,25508.50825698861,25009.814285714285,24484.899999999998,27219.0225,32.46795608793653,-817.1403769892786,-165.43106971159935,32.815914159125164,0.0,Sell
14.10.2016,24000.0,24001.0,24000.0,25172.7,25364.840803942076,24879.08095238095,24285.100000000002,27042.975,32.46181974290113,-836.0019697480056,-159.87065488423528,34.00373573019091,0.0,Sell
13.10.2016,24000.0,24001.0,24000.0,25022.7,25234.8559654714,24767.39523809524,24235.100000000002,26862.6775,32.46181974290113,-841.2524829379145,-149.69400848879658,35.10671290332339,0.0,Sell
12.10.2016,24002.0,24002.0,24002.0,24947.8,25117.441111616983,24670.185714285715,24030.600000000002,26685.635,32.49141439185,-835.619665831,-127.69252492677974,36.12785425437705,0.1,Sell
10.10.2016,24010.0,24499.0,24010.0,24868.3,25011.970529558224,24580.871428571427,23912.100000000002,26511.1175,32.618603090221725,-821.0455821622672,-92.28129940922783,35.659841733735654,0.5002501250625313,Sell
07.10.2016,24001.0,24015.0,24001.0,24801.7,24915.68762198125,24498.27142857143,23778.899999999998,26341.6875,32.54431795915572,-800.9884444484451,-101.40920109752501,35.23824367385187,0.07147962830593281,Sell
06.10.2016,24001.0,24002.0,24001.0,24735.1,24828.574515125893,24422.014285714286,23645.700000000004,26177.345,32.54431795915572,-776.1460893228177,-90.61152900779406,34.84675976110264,0.07147962830593281,Sell
05.10.2016,24001.0,24001.0,24000.0,24660.15,24749.75789463771,24352.1,23620.85,26017.254999999997,32.544317959155705,-747.8377359984916,-81.57100009382607,34.484907390768015,0.1,Sell
04.10.2016,24498.0,24498.0,24000.0,24610.05,24725.780952291265,24336.657142857144,23592.750000000004,25862.9075,41.70149996267148,-677.4897356902766,-35.050387093984035,32.74829778307185,49.8,Sell
03.10.2016,24500.0,24500.0,24001.0,24575.05,24704.278004454,24326.17619047619,23627.750000000004,25715.31,41.73577702211291,-614.493556124693,-29.52873623279245,31.130582379621778,50.0,Sell
30.9.2016,24700.0,24700.0,24050.0,24550.05,24703.87057545838,24338.07619047619,23792.55,25573.9625,45.205297336587535,-542.1803834607781,-2.0490733489954223,29.110717976679958,70.07007007007007,Sell
29.9.2016,24399.0,24399.0,24399.0,24470.05,24674.835282557582,24323.690476190477,23952.350000000002,25436.114999999998,41.22638882015756,-503.3574660350787,-5.89590887173065,27.2351296025197,44.881889763779526,Sell
28.9.2016,24250.0,24500.0,24250.0,24432.55,24634.37477945686,24302.733333333334,24039.850000000002,25305.142499999998,39.37865276322773,-479.09042285500254,-13.215386955379628,25.866953136647027,35.714285714285715,Sell
27.9.2016,24500.0,24500.0,24050.0,24387.6,24621.577181413348,24309.157142857144,24184.4,25180.645,43.9202549762546,-434.67504232525243,-0.31075201988812934,25.070407286329353,71.42857142857143,Sell
26.9.2016,24500.0,24500.0,24000.0,24362.6,24609.998402231122,24319.861904761903,24307.4,25064.6475,43.92025497625459,-394.9231055304299,4.356836701050687,24.446881135288795,71.42857142857143,Sell
23.9.2016,24400.0,24400.0,23510.0,24332.6,24589.998554399586,24323.42380952381,24417.200000000004,24954.65,42.445090875839384,-367.25508547146455,-52.95154945556367,24.86873075934533,74.78991596638656,Sell
22.9.2016,23502.0,24000.0,23502.0,24257.7,24486.379644456767,24244.319047619047,24392.3,24851.26,32.038496456720424,-413.027946274593,-165.89170768648293,25.275055124456287,0.0,Sell
21.9.2016,24020.0,24020.0,24020.0,24233.7,24441.962535460887,24221.680952380953,24420.100000000002,24760.42,41.021345981589974,-402.86106574969745,-53.3507539876975,25.57921562333403,43.23873121869783,Sell
20.9.2016,24500.0,25025.0,24500.0,24214.25,24447.48991303604,24247.042857142857,24439.949999999997,24680.25,47.89414765502585,-352.013953478061,165.74056279262743,24.39949369354992,65.52856204858831,Sell
19.9.2016,25026.0,25810.0,25026.0,24240.55,24502.586111794513,24324.35238095238,24518.850000000002,24612.394999999997,54.19349175641767,-266.2048033680512,283.1627212625288,24.60580335455666,66.03119584055459,Sell
16.9.2016,26000.0,26000.0,26000.0,24340.5,24645.196958290275,24491.91904761905,24678.9,24560.784999999996,63.0915052094192,-118.24373358536468,340.82854284309195,25.055219019711863,100.0,Sell
15.9.2016,26000.0,26000.0,26000.0,24440.5,24774.22581940549,24649.966666666667,24899.1,24524.175,63.0915052094192,-0.9723115780107037,243.02651544376764,25.47253356592741,100.0,Sell
14.9.2016,26000.0,26000.0,26000.0,24540.5,24890.966217557347,24798.490476190476,25149.1,24500.065,63.0915052094192,90.91808813234093,184.23920680771354,25.860039930270414,100.0,Sell
13.9.2016,26000.0,26000.0,26000.0,24640.4,24996.588482551888,24937.490476190476,25349.199999999997,24484.695,63.0915052094192,161.875887470851,147.55417724099803,26.21986726858892,100.0,Sell
12.9.2016,26050.0,26050.0,26000.0,24742.4,25096.913388975518,25071.738095238095,25557.199999999997,24478.4,63.579995178886634,219.61346943155513,125.04317460921017,26.639230026980297,100.0,Sell
09.9.2016,26050.0,26050.0,26050.0,24844.85,25187.683542406423,25196.27142857143,25784.75,24480.557500000003,63.579995178886634,262.3467490938565,107.4631778161774,27.028638302629435,100.0,Sell
07.9.2016,26100.0,26100.0,26100.0,24949.8,25274.570824082002,25315.809523809523,26199.399999999998,24491.2925,64.13057850555947,296.82613630399646,97.06089695928289,27.48547229263118,100.0,Sell
06.9.2016,26000.0,26000.0,26000.0,25049.75,25343.659317026573,25415.82857142857,26495.449999999997,24510.7725,62.108271084722986,312.4800592030588,78.82971662674319,27.52299189867596,96.15088529638183,Sell
05.9.2016,26000.0,26000.0,26000.0,25124.85,25406.167953500233,25506.32857142857,26720.35,24536.5125,62.108271084722986,321.1835023951644,70.874821955017,27.5578315328604,96.15088529638183,Sell
02.9.2016,26300.0,26300.0,25900.0,25214.85,25491.29481507164,25618.24761904762,26885.15,24568.5025,65.85459175799444,348.27385244715333,76.38285205498212,28.22628771816215,100.0,Sell
01.9.2016,26000.0,26000.0,25721.0,25279.85,25539.74292792196,25693.02380952381,26820.15,24604.9925,59.51750137543243,341.5979289557217,51.129539068700055,28.126861172938085,86.84210526315789,Sell
31.8.2016,25717.0,25717.0,25700.0,25345.75,25556.624553834157,25734.657142857144,26697.65,24648.7775,54.21730867997753,309.89915210112304,31.494738258872715,27.95102900987606,67.61111111111111,Sell
30.8.2016,25600.0,25700.0,25500.0,25413.25,25560.755548707093,25758.871428571427,26550.15,24697.8125,52.149633389171484,272.19898046744856,18.079832477920714,27.012459672382022,45.05494505494506,Sell
29.8.2016,25500.0,25500.0,25299.0,25463.25,25554.96930597308,25767.133333333335,26400.15,24751.594999999998,50.38110949762506,231.58261829898402,-2.1435154487409607,25.439838469095058,20.07992007992008,Sell
26.8.2016,25000.0,25000.0,24999.0,25488.25,25502.1150863566,25723.014285714286,26165.15,24807.8775,42.60178094097983,157.23552408381875,-52.24602231570965,24.171922613205766,0.07686395080707148,Sell
25.8.2016,24800.0,24800.0,24500.0,25508.25,25435.246982894067,25657.466666666667,25895.15,24866.659999999996,39.94485235325083,81.24010241571523,-93.33006086412199,24.167633916024673,16.666666666666668,Buy
24.8.2016,24500.0,24500.0,24500.0,25558.15,25346.17584166606,25561.442857142858,25525.25,24931.682500000003,36.28888970556114,-3.1579071808446315,-133.24946270377896,24.163651554356516,0.0,Buy
23.8.2016,24500.0,24500.0,24500.0,25582.15,25265.58766626929,25460.666666666668,25201.25,24999.105,36.28888970556115,-69.24571632708466,-144.79385979569733,24.15995364709323,0.0,Buy
22.8.2016,24150.0,24150.0,24101.0,25564.65,25159.34122186269,25324.27142857143,24848.75,25066.625,32.29011711731357,-148.15501732397024,-177.61434133935978,24.97431193494733,2.228285584356526,Buy
19.8.2016,24800.0,24800.0,24800.0,25553.35,25125.11824835196,25251.44761904762,24560.050000000003,25132.265000000003,44.51762761102657,-156.43831562838022,-86.25167478026498,23.70399519064771,31.78717598908595,Buy
18.8.2016,24800.0,24800.0,24800.0,25493.35,25094.154605651773,25179.7,24380.050000000003,25189.9075,44.51762761102657,-161.14530642952013,-75.80528063978579,22.524415356655204,31.78717598908595,Buy
17.8.2016,24800.0,24800.0,24800.0,25433.35,25066.139881303985,25113.666666666668,24256.65,25239.55,44.51762761102657,-162.99670598676676,-67.2914741643567,21.429091225090737,31.78717598908595,Buy
16.8.2016,24800.0,24800.0,24735.0,25373.35,25040.793225941703,25053.347619047618,24156.65,25281.1925,44.51762761102657,-162.58972038647335,-62.098479772648844,20.58087604251122,31.78717598908595,Buy
15.8.2016,25500.0,25500.0,25500.0,25348.35,25084.527204423444,25065.409523809525,24181.65,25316.59,56.02162084569146,-104.57752687756874,19.636717903088954,20.212992606662954,73.67035281727225,Buy
12.8.2016,25500.0,25500.0,25500.0,25320.85,25124.0960420974,25079.85238095238,24309.15,25345.512499999997,56.02162084569146,-57.93461142896922,23.59689822382519,19.87138655908956,86.57178217821782,Buy
11.8.2016,25500.0,25500.0,25100.0,25293.35,25159.896419040506,25096.914285714287,24476.65,25367.9375,56.02162084569146,-20.73079321221303,12.640357926286123,18.471650920990573,87.49218261413384,Buy
10.8.2016,25500.0,25500.0,24999.0,25263.35,25192.287236274744,25116.595238095237,24706.65,25383.614999999998,56.02162084569146,8.653745769148372,14.129464088348875,17.379499602120568,100.0,Buy
09.8.2016,24500.0,24500.0,24015.0,25188.35,25126.35511853429,25043.89523809524,24781.65,25390.545000000002,40.06083460907537,-48.19487748783649,-105.56994393994071,18.202210837248842,32.65993265993266,Buy
08.8.2016,24500.0,24500.0,24000.0,25113.35,25066.70225010245,24978.338095238094,24926.65,25389.97,40.06083460907537,-92.18516776054457,-97.33909737593196,18.988206157157133,33.333333333333336,Buy
05.8.2016,24000.0,24001.0,24000.0,24998.35,24965.111559616504,24872.30476190476,24881.65,25379.144999999997,34.38076656971789,-165.4859915609777,-132.5512706197055,19.718058954214833,0.0,Buy
04.8.2016,24000.0,24000.0,24000.0,24898.35,24873.19617298636,24777.22380952381,24821.65,25360.07,34.38076656971789,-221.02953167173473,-124.31350917175935,20.395779408625554,0.0,Buy
03.8.2016,24000.0,24000.0,24000.0,24812.5,24790.034632701947,24691.666666666668,24747.5,25333.4075,34.38076656971789,-262.02769521524533,-115.9554370486262,21.025091259149796,0.0,Buy
01.8.2016,24000.0,24010.0,23400.0,24732.5,24714.793239111284,24614.285714285714,24667.5,25299.370000000003,34.38076656971789,-291.1626929178201,-129.45119860172355,22.56694273806691,28.571428571428573,Buy
29.7.2016,23500.0,23500.0,23500.0,24632.5,24599.09864491021,24496.904761904763,24367.5,25257.8325,28.874185677456737,-350.5572045888621,-152.69074608650783,23.998661968489948,4.761904761904762,Buy
28.7.2016,23500.0,23500.0,23500.0,24557.5,24494.422583490188,24389.04761904762,24042.5,25211.295000000002,28.874185677456737,-393.09641225604355,-134.7457372568257,25.328115539597054,4.761904761904762,Buy
27.7.2016,23500.0,23500.0,23500.0,24492.5,24399.715670776837,24288.333333333332,23707.5,25160.5075,28.874185677456737,-421.94512011772895,-117.54109016621763,26.562608141339364,4.761904761904762,Buy
26.7.2016,23500.0,23700.0,23000.0,24442.5,24314.028464036186,24193.809523809523,23357.5,25104.725,28.874185677456737,-439.738892714573,-113.7274076361545,28.426612606625298,20.0,Buy
25.7.2016,23700.0,23700.0,23500.0,24402.5,24255.54956269941,24123.095238095237,23237.5,25045.7425,34.51697607883692,-432.714197253812,-78.82472249070096,30.157473895819383,28.0,Buy
22.7.2016,23700.0,23700.0,23700.0,24380.0,24202.64008053756,24056.190476190477,23100.0,24986.510000000002,34.51697607883692,-422.2793025508945,-67.06093380929534,31.764702235785315,28.0,Buy
21.7.2016,23990.0,23990.0,23299.0,24339.5,24182.388644295886,24019.04761904762,23138.5,24925.817499999997,42.22501466612218,-386.15761236996696,-55.18230200757382,33.761674973961256,39.6,Buy
20.7.2016,23300.0,23300.0,23300.0,24264.5,24098.35163055342,23920.04761904762,23073.5,24864.375,32.44051418099791,-408.4992213465048,-95.01370651559657,35.616006802267485,20.0,Buy
19.7.2016,23300.0,23300.0,22800.0,24189.5,24022.318141929285,23828.190476190477,23008.5,24802.182500000003,32.44051418099791,-421.3480691617806,-104.0244639281068,37.8484736506851,29.41176470588235,Buy
18.7.2016,23300.0,23300.0,22832.0,24114.5,23953.525937936018,23743.47619047619,22943.5,24739.239999999998,32.44051418099791,-426.61314287276036,-96.86677655359878,39.9214785813586,41.32231404958678,Buy
15.7.2016,23500.0,23500.0,23500.0,24014.5,23910.33299146592,23684.95238095238,23043.5,24672.5475,37.66935505800506,-409.92209643124806,-54.24942826776504,40.93973069235286,57.85123966942149,Buy
14.7.2016,23500.0,23998.0,23500.0,23914.5,23871.253658945356,23635.95238095238,23143.5,24602.230000000003,37.66935505800506,-392.1735888610456,-26.885060999193872,40.01947520847485,57.85123966942149,Buy
13.7.2016,24000.0,24200.0,24000.0,23839.5,23883.515215236275,23644.095238095237,23318.5,24529.5375,49.09302735955038,-333.9128084130389,52.53686394770231,38.53466335350436,85.71428571428571,Sell
12.7.2016,24200.0,24200.0,23450.0,23774.5,23913.656623309013,23678.428571428572,23523.5,24455.095,52.81801629318673,-268.5072076812612,55.83018886321373,38.12563915584734,100.0,Sell
11.7.2016,23400.0,23500.0,22500.0,23719.5,23864.73694489863,23642.761904761905,23518.5,24381.652500000004,40.159546923075226,-278.02125602324304,-124.73403187602841,38.88901882866911,52.94117647058823,Sell
08.7.2016,23002.0,23022.0,23002.0,23644.6,23782.57152157495,23574.428571428572,23453.800000000003,24308.215,35.58970417938757,-314.05623684931925,-140.72446072446067,39.59787138200361,29.529411764705884,Sell
07.7.2016,23164.0,23164.0,23164.0,23602.8,23723.659948091623,23528.657142857144,23330.399999999998,24238.4375,38.64986734238307,-325.7867063073609,-93.92387240359197,39.834584882418405,39.05882352941177,Sell
06.7.2016,23164.0,23164.0,22000.0,23561.0,23670.359000654324,23486.866666666665,23345.0,24171.57,38.64986734238307,-331.26457603879317,-168.31584803687804,41.111709830166156,52.90909090909091,Sell
04.7.2016,21472.0,21472.0,21472.0,23434.6,23460.991476782485,23287.914285714287,23105.800000000003,24102.675,24.531837834349773,-466.75561840912997,-338.20237496708137,42.637177929025434,0.0,Sell
01.7.2016,19520.0,19520.0,19520.0,23210.6,23085.658955184153,22915.095238095237,22573.800000000003,24026.579999999998,16.873974589239182,-723.3055163527424,-415.9053191916981,44.882603114172454,0.0,Buy
30.6.2016,19150.0,19150.0,18500.0,22993.1,22710.83429278566,22528.371428571427,21921.300000000003,23944.609999999997,15.86315492699309,-945.5790202532589,-296.41394994326976,47.242114593189726,11.403508771929825,Buy
29.6.2016,18500.0,18850.0,18500.0,22743.1,22309.802455377503,22100.457142857143,21171.300000000003,23853.89,14.248359634450452,-1160.8009504288384,-222.6462125665973,49.43308953799147,0.0,Buy
28.6.2016,18850.0,18850.0,18850.0,22510.6,21980.297459627265,21729.685714285715,20373.800000000003,23754.795,19.028071978263043,-1288.2733920145074,-161.65925725586962,51.46756627245024,6.140350877192983,Buy
27.6.2016,18500.0,18500.0,18500.0,22260.6,21648.840558710384,21347.72380952381,19483.800000000003,23645.699999999997,17.950560228909737,-1401.384012721057,-142.61043920700496,53.450936070037,0.0,Buy
24.6.2016,18500.0,18500.0,18500.0,22000.6,21348.95098169035,20989.571428571428,18763.800000000003,23525.605,17.950560228909737,-1474.0332567193982,-119.56633047502267,55.292636596367565,0.0,Buy
23.6.2016,18500.0,18850.0,18500.0,21740.6,21077.622316767458,20656.180952380953,18123.4,23393.635,17.950560228909737,-1514.1540802882446,-99.9520441585219,56.173446054122685,0.0,Buy
22.6.2016,18516.0,18516.0,18516.0,21466.9,20833.65828659913,20349.07619047619,17467.5,23250.004999999997,18.214987924007033,-1527.0561035369064,-90.8654498398088,56.991340550609586,0.2807017543859649,Buy
21.6.2016,18516.0,18516.0,18516.0,21227.7,20612.928925970642,20068.038095238095,16777.100000000002,23098.165,18.214987924007033,-1519.7621775518237,-80.5416352893617,57.75081401163313,0.32,Buy
20.6.2016,18516.0,18516.0,18516.0,20988.5,20413.221409211536,19809.780952380952,16425.1,22938.114999999998,18.214987924007033,-1496.7283360814363,-72.3953527596711,58.45603936829785,0.34305317324185247,Buy
16.6.2016,18516.0,19670.0,18516.0,20749.3,20232.533655953295,19574.30476190476,16463.500000000004,22769.855,18.214987924007033,-1461.6251459142477,-55.3380578163762,56.43881862132873,0.34305317324185247,Buy
15.6.2016,20079.0,20500.0,20079.0,20578.25,20217.91140300536,19510.466666666667,16820.35,22598.0425,42.544785617714965,-1292.782188992216,-11.382092833648613,53.19485563930469,33.85506003430532,Buy
14.6.2016,20700.0,20700.0,20700.0,20438.25,20263.824602719138,19522.061904761904,17400.35,22424.23,49.03228387630416,-1096.2267989365828,9.753726354245991,49.89047633744819,74.02422611036339,Buy
13.6.2016,23000.0,23000.0,23000.0,20388.25,20524.412735793507,19766.038095238095,18280.35,22251.6675,64.85879967745339,-746.2620141472798,96.1070826389093,48.224547055922876,100.0,Sell
10.6.2016,21059.0,21059.0,21059.0,20231.2,20575.325808575075,19829.91904761905,18949.2,22074.5025,50.58359825542932,-618.4062766155221,33.64917935234072,44.885855902351814,56.86666666666667,Sell
09.6.2016,19774.0,19774.0,18516.0,20049.9,20499.00906490126,19786.376190476192,19385.299999999996,21891.0225,43.72267804961139,-613.6941600123973,-30.116103364510977,43.46190219509118,28.31111111111111,Sell
08.6.2016,18000.0,18000.0,17900.0,19799.8,20261.00820157733,19591.14761904762,19535.399999999998,21698.782499999998,36.38540004893019,-744.5243346394418,-87.22573299447603,42.45328704585269,1.9607843137254901,Sell
07.6.2016,17900.0,17900.0,17899.0,19536.6,20036.150277617584,19410.214285714286,19675.4,21495.4725,36.01846893848313,-846.5192083826878,-89.3901650426936,41.51723200461258,0.01960399921584003,Sell
06.6.2016,17701.0,17701.0,17699.0,19263.45,19813.755013082577,19235.39523809524,19785.55,21280.595,35.25650503263415,-932.6574233281608,-100.00058479252363,40.756805582581855,0.03772873042822109,Sell
03.6.2016,17600.0,17600.0,17500.0,19069.85,19602.92120231281,19076.97142857143,19795.950000000004,21062.3575,34.853501780440254,-997.5730342019306,-106.60413532725718,40.1621577779411,1.8181818181818181,Sell
02.6.2016,17500.0,17501.0,17499.0,18968.85,19402.642992568733,18927.461904761905,19693.75,20850.269999999997,34.43382220437675,-1045.0416976021552,-103.54057278886442,39.61057432658954,0.018178512997636793,Sell
01.6.2016,17599.0,17599.0,17599.0,18891.3,19230.86746946695,18797.0,19275.3,20645.18,35.26488004423396,-1062.4255028575753,-88.75597544121986,38.97799269265547,1.8178512997636793,Sell
31.5.2016,17400.0,17400.0,17400.0,18836.3,19056.499139041527,18654.97142857143,18670.3,20449.84,34.32311905694591,-1079.8125240365262,-94.6091293955267,38.52452558976262,0.0,Sell
30.5.2016,17400.0,17401.0,17400.0,18763.8,18898.73731627567,18518.180952380953,17622.8,20262.5,34.32311905694591,-1081.1292782475393,-86.2045299996962,38.102060978925536,0.0,Sell
27.5.2016,17400.0,17400.0,17400.0,18708.8,18756.00042901132,18388.295238095237,16946.000000000004,20084.91,34.32311905694591,-1069.8403617091863,-80.26985254442414,37.70977241171967,0.0,Sell
26.5.2016,17400.0,17400.0,17400.0,18653.8,18626.857531010246,18263.64761904762,16526.2,19917.57,34.32311905694591,-1048.8038560257592,-74.66317088399701,37.345504456457085,0.0,Buy
25.5.2016,17500.0,17500.0,17500.0,18603.8,18519.537766152127,18153.761904761905,16476.2,19760.73,35.48758618631352,-1012.3928745811827,-63.55040457189714,36.83703618921083,1.7857142857142858,Buy
23.5.2016,17500.0,17500.0,17400.0,18553.0,18422.438931280496,18048.638095238097,16447.0,19615.034999999996,35.487586186313536,-972.3285116307998,-60.800634165675845,36.45950659263699,2.7329871549603717,Buy
20.5.2016,17679.0,17679.0,17679.0,18511.15,18351.6352235395,17965.4,16484.449999999997,19479.207499999997,37.777832778567245,-915.5791844003797,-45.59896575147365,35.777189158103475,11.752316764953665,Buy
19.5.2016,17679.0,17690.0,17500.0,18469.3,18287.57472605955,17886.14761904762,16542.100000000002,19353.247499999998,37.777832778567245,-860.6835099674245,-45.24189332296675,35.334846547746594,46.5,Buy
18.5.2016,17700.0,17700.0,17700.0,18428.5,18231.615228339593,17812.880952380954,16622.9,19237.207499999997,38.07694006521446,-806.19050566847,-38.30624306934161,34.90374691439316,60.0,Buy
17.5.2016,17700.0,17700.0,17700.0,18309.55,18180.985206592966,17743.5,16762.05,19123.7725,38.07694006521446,-754.3092002414414,-35.22685915322092,34.50344011199355,99.66777408637874,Buy
16.5.2016,17800.0,17800.0,17400.0,18164.55,18144.70090120316,17694.97142857143,16987.05,19010.0875,39.678359430783956,-697.0881296049811,-34.15284150533441,34.49062482819027,100.0,Buy
13.5.2016,17700.0,17700.0,17700.0,17899.55,18102.348434421907,17650.72857142857,17312.05,18885.6525,38.60322941142762,-652.2899901649616,-22.67753898601777,34.478724921801515,75.0,Sell
12.5.2016,17700.0,17750.0,17700.0,17731.6,18064.029535905534,17631.72380952381,17540.0,18760.672499999997,38.60322941142762,-609.7582286075085,6.073873096133907,34.33765956253061,75.0,Sell
11.5.2016,17800.0,17800.0,17700.0,17632.9,18038.88386581929,17638.238095238095,17718.699999999997,18639.822500000002,40.47384470545349,-561.509603699451,74.9943414732282,34.07053764911852,100.0,Sell
10.5.2016,17750.0,17750.0,17600.0,17620.4,18011.371116693645,17649.390476190478,17781.199999999997,18530.8525,39.82056220103904,-521.2976086438503,52.96389495709241,33.97145626214921,87.5,Sell
09.5.2016,17750.0,17750.0,17750.0,17612.9,17986.478629389487,17661.733333333334,17838.699999999997,18434.6675,39.82056220103904,-483.8517708237232,89.59368605670852,33.879452117106275,87.5,Sell
06.5.2016,17750.0,17750.0,17500.0,17615.35,17963.956855161916,17674.790476190476,17850.450000000004,18352.2625,39.82056220103904,-448.9998834054022,42.35934449506148,34.17936595367221,87.5,Sell
05.5.2016,17499.0,17500.0,17300.0,17610.3,17919.6752499084,17663.709523809524,17819.500000000004,18279.285,36.16103341988269,-436.60025783942547,-85.81869730107783,34.74351836008495,39.8,Sell
04.5.2016,17500.0,17500.0,17500.0,17610.3,17879.70617848855,17653.204761904763,17779.500000000004,18211.357500000002,36.18619531689671,-421.8301778907007,-48.814389336867045,35.26737416603964,40.0,Sell
03.5.2016,17500.0,17500.0,17500.0,17605.35,17843.543685299166,17642.7,17744.450000000004,18147.059999999998,36.18619531689671,-405.4509964164499,-44.465762428827546,35.75381170014042,40.0,Sell
28.4.2016,17598.0,17598.0,17400.0,17615.25,17820.15857241353,17642.0,17694.15,18086.0075,38.92231772757593,-380.1801163848686,-32.834497911303124,36.36590455553727,59.6,Sell
27.4.2016,17300.0,17300.0,17300.0,17610.25,17770.619660755096,17611.97619047619,17619.15,18028.329999999998,34.13013119832088,-379.82053668622393,-154.0443279420972,37.09366422557042,0.0,Sell
26.4.2016,17266.0,17499.0,17266.0,17603.55,17722.560645445086,17579.190476190477,17539.05,17973.067499999997,33.62150409936564,-377.9226262478405,-125.76228888771733,36.941440001919645,0.0,Sell
25.4.2016,17800.0,17850.0,17700.0,17623.55,17729.935822069365,17597.9,17519.05,17921.555,46.984686456926596,-329.5305582263427,98.17992158555501,35.54089275952856,91.43835616438356,Sell
22.4.2016,17960.0,17960.0,17750.0,17646.55,17751.846696157998,17629.942857142858,17538.05,17873.6925,50.218492306143304,-275.0976780587698,141.19580994351617,33.8865191446399,100.0,Sell
21.4.2016,17750.0,17750.0,17749.0,17659.05,17751.670820333427,17639.795238095237,17525.55,17828.995,46.23243641048278,-246.067955100596,62.98844891288049,32.35290109769405,69.7406340057637,Sell
20.4.2016,17749.0,17750.0,17500.0,17662.55,17751.41645649215,17648.361904761903,17521.850000000002,17786.565,46.21362526935544,-220.59944902111602,17.617623137260768,31.552851113397946,69.59654178674351,Sell
19.4.2016,17700.0,17700.0,17428.0,17663.6,17746.519651111943,17651.928571428572,17561.0,17746.280000000002,45.24223625559846,-202.04036934036776,-13.3380773827455,30.9796150543561,62.53602305475504,Sell
18.4.2016,17300.0,17500.0,17300.0,17643.6,17703.993970053663,17617.3,17541.0,17707.035,38.185961623316494,-217.10615740427966,-123.49149978626052,30.745192111906928,4.899135446685879,Sell
15.4.2016,17102.0,17102.0,17102.0,17613.7,17646.661211000934,17565.719047619048,17491.3,17672.2425,35.25480134820195,-242.23056506228022,-199.67621556360405,30.957593022437255,0.0,Sell
14.4.2016,17000.0,17100.0,17000.0,17573.7,17585.074429000844,17507.27142857143,17411.7,17642.7,33.81480183275126,-267.29121989333726,-184.31704791490228,31.36389239740846,0.0,Sell
13.4.2016,17100.0,17100.0,17000.0,17543.7,17538.876864334095,17462.157142857144,17401.7,17624.907499999998,36.55103515057791,-275.90237430634807,-147.30555645065968,31.74117038845315,10.416666666666666,Buy
12.4.2016,16997.0,16997.0,16997.0,17508.55,17487.269543921324,17410.090476190475,17383.05,17613.755,34.9483760235902,-287.7213428714567,-144.7708659017394,32.098306290504524,0.0,Buy
11.4.2016,16997.0,16997.0,16997.0,17468.4,17440.577206405007,17361.371428571427,17262.6,17605.53,34.9483760235902,-293.7023428256434,-125.40430644117889,32.42993248526652,0.0,Buy
08.4.2016,17000.0,17000.0,17000.0,17430.9,17398.617472461672,17316.761904761905,17108.1,17596.055,35.04458381539064,-294.80195996552357,-109.49612403100761,32.72086324149724,0.3115264797507788,Buy
07.4.2016,17000.0,17000.0,17000.0,17393.4,17360.6539036558,17275.72380952381,16995.6,17585.079999999998,35.04458381539064,-292.30391687038355,-98.05707346690929,32.99101322942577,0.3115264797507788,Buy
06.4.2016,17000.0,17000.0,17000.0,17355.9,17326.305912831438,17238.257142857143,16883.299999999996,17572.107500000002,35.04458381539064,-287.0156618315086,-88.22962820265845,33.24186678964511,0.3115264797507788,Buy
05.4.2016,17000.0,17000.0,17000.0,17330.95,17295.229159228445,17204.361904761903,16768.249999999996,17558.14,35.04458381539064,-279.6016083186405,-78.812366085093,33.47480223842022,0.3115264797507788,Buy
04.4.2016,17000.0,17000.0,17000.0,17305.95,17267.112096444784,17172.842857142856,16733.249999999996,17542.9225,35.04458381539064,-270.6065338191693,-71.37962128043247,33.691099440854245,0.398406374501992,Buy
01.4.2016,17399.0,17400.0,17002.0,17300.9,17279.67284916433,17181.704761904763,16797.699999999997,17527.7,49.44799984904949,-228.64621580597668,-4.537182459551946,31.43810088318803,53.386454183266935,Buy
31.3.2016,17100.0,17100.0,17100.0,17276.0,17262.561149243917,17162.571428571428,16842.6,17510.7375,41.94238559981692,-217.01751974657236,-41.890715419674976,29.346030793926552,14.65149359886202,Buy
30.3.2016,17100.0,17100.0,17000.0,17266.0,17247.07913503021,17145.809523809523,16852.6,17493.525,41.94238559981692,-205.4335838624611,-46.42344058000059,27.87872060795117,20.47713717693837,Buy
29.3.2016,17010.0,17010.0,17010.0,17253.2,17224.500169789237,17121.428571428572,16867.999999999996,17476.0075,39.83177618221876,-201.19621433658904,-55.915846960623114,26.516218292402602,3.225806451612903,Buy
28.3.2016,17010.0,17400.0,17010.0,17213.7,17204.071582190263,17098.266666666666,16910.100000000002,17455.515,39.831776182218746,-195.5835035760174,-18.045722186465138,25.821590747471152,3.225806451612903,Buy
25.3.2016,17100.0,17100.0,17100.0,17170.7,17194.160002934048,17087.438095238096,16973.100000000002,17431.7225,43.14963113969794,-181.7777216003451,-23.023883884790788,25.17657945574909,25.558312655086848,Sell
24.3.2016,17399.0,17399.0,17399.0,17153.15,17213.668574083185,17109.180952380953,17070.449999999997,17406.427499999998,52.51743409976986,-145.03783291170475,106.85958705180398,25.605760546647048,99.75186104218362,Sell
23.3.2016,17399.0,17399.0,17399.0,17135.65,17231.319186075263,17132.595238095237,17167.75,17380.0825,52.517434099769865,-114.60016703984729,128.20019094840438,26.00428584533801,99.75186104218362,Sell
22.3.2016,17399.0,17399.0,17399.0,17120.6,17247.28878740143,17157.67619047619,17262.6,17352.9325,52.51743409976986,-89.44700811414805,149.11571954394543,26.37434505126533,99.75,Sell
21.3.2016,17399.0,17399.0,17399.0,17125.55,17261.73747431558,17184.190476190477,17337.45,17327.030000000002,52.51743409976986,-68.72077809413531,145.5826214217079,26.717971456769273,99.75,Sell
18.3.2016,17399.0,17399.0,17399.0,17140.4,17274.810095809335,17210.233333333334,17322.6,17303.364999999998,52.51743409976986,-51.699136020404694,121.25022314325292,27.037053119022936,99.75,Sell
17.3.2016,17399.0,17399.0,17399.0,17160.35,17286.637705732257,17234.861904761903,17362.450000000004,17282.697500000002,52.51743409976986,-37.773927717393235,103.28338044193286,27.333343233972762,99.75,Sell
16.3.2016,17899.0,17899.0,17899.0,17200.3,17344.957924233946,17305.209523809524,17482.3,17265.527500000004,66.79179741804475,13.452647764650465,236.83617347398828,29.136827087067598,100.0,Sell
15.3.2016,17899.0,17899.0,17899.0,17245.4,17397.723836211666,17371.75238095238,17615.0,17252.37,66.79179741804475,53.434122597995156,192.78608794559844,30.811490664941374,100.0,Sell
14.3.2016,17750.0,17750.0,17600.0,17283.05,17431.27394704865,17419.809523809523,17725.350000000002,17243.1025,60.50539343187369,72.2636641614663,117.84179739864939,30.433189222793963,83.42602892102336,Sell
11.3.2016,17600.0,17799.0,17600.0,17313.05,17447.343094948777,17449.995238095238,17795.350000000002,17237.21,54.90310181851052,74.22682448428168,96.89095550692937,30.243417587818502,66.74082313681869,Sell
10.3.2016,17600.0,17600.0,17600.0,17343.05,17461.881847810797,17477.32380952381,17805.55,17234.6925,54.90310181851052,74.91902331857636,71.78145483390662,30.067201069627004,66.36670416197975,Sell
09.3.2016,17016.0,17500.0,17016.0,17343.85,17419.416909924053,17446.17619047619,17728.15,17234.09,38.71642159400306,28.020671712183685,-50.378881296756205,28.633233573243608,0.6749156355455568,Sell
08.3.2016,17000.0,17500.0,17000.0,17343.85,17379.47244231224,17413.428571428572,17648.35,17234.735,38.38254460506456,-10.318728226862731,-58.21408964304904,27.357276272111022,0.0,Sell
07.3.2016,17820.0,17820.0,17820.0,17384.85,17421.427447806313,17458.77619047619,17691.550000000003,17238.68,58.25260576989505,25.173978125469148,128.19964567169697,25.875964651121574,91.21245828698554,Sell
04.3.2016,17700.0,17700.0,17499.0,17399.9,17447.958167062854,17488.790476190476,17736.699999999997,17243.63,55.435300376090304,43.122121528289426,62.494534643076335,24.6591357445981,77.86429365962181,Sell
03.3.2016,17500.0,17500.0,17000.0,17419.9,17452.91453210449,17498.32380952381,17736.9,17250.825,51.007518686641994,40.73822109997491,-29.300929004696673,24.801057534905482,55.61735261401557,Sell
02.3.2016,17600.0,17600.0,17200.0,17444.9,17466.92267190406,17515.47619047619,17652.1,17259.77,53.02772657607532,46.38344758947278,5.251697194825623,24.5669341855878,66.74082313681869,Sell
01.3.2016,17000.0,17200.0,17000.0,17444.4,17422.453846008437,17473.10476190476,17472.799999999996,17269.33,41.87142384917414,2.41451167566629,-125.10791677458276,24.798752283110964,0.0,Buy
29.2.2016,17200.0,17201.0,17111.0,17453.9,17401.267765436205,17449.82857142857,17353.299999999996,17281.34,45.95321321509113,-16.10718468615596,-92.48523536564186,25.01007411299106,22.246941045606228,Buy
26.2.2016,17170.0,17170.0,17170.0,17457.4,17379.24226396609,17422.790476190476,17263.799999999996,17295.675,45.43780165079245,-32.828089987451676,-95.14375027517325,25.206301526451146,18.909899888765295,Buy
25.2.2016,17170.0,17170.0,17170.0,17445.95,17359.314429302653,17395.41904761905,17189.249999999996,17310.315000000002,45.43780165079245,-45.554405081202276,-87.39760355465732,25.388512696092654,18.909899888765295,Buy
24.2.2016,17500.0,17500.0,17500.0,17451.0,17372.713055083354,17400.566666666666,17281.0,17326.0825,52.267678644560974,-28.681239925808768,15.189660960053635,24.180264498099973,60.97560975609756,Buy
23.2.2016,17988.0,17988.0,17988.0,17480.45,17431.31181174208,17451.709523809524,17449.149999999998,17344.075,60.20143715574302,23.794103029849794,142.28329859185882,23.349451599384878,100.0,Buy
22.2.2016,17988.0,17988.0,17988.0,17509.9,17484.32973443331,17500.04761904762,17453.299999999996,17363.2925,60.20143715574302,64.63610559590961,122.5132278527031,22.577982479149433,100.0,Buy
19.2.2016,17988.0,17988.0,17988.0,17539.35,17532.29833115395,17545.58095238095,17481.450000000004,17383.239999999998,60.20143715574302,95.89823175910715,107.3947531419204,21.86161829607366,100.0,Buy
18.2.2016,17988.0,17988.0,17988.0,17568.8,17575.69849009167,17588.309523809523,17549.600000000002,17403.6625,60.20143715574302,119.29849320595531,96.05129264504495,21.196422983217587,100.0,Sell
17.2.2016,17165.0,17165.0,17165.0,17532.1,17536.584348178178,17549.85238095238,17499.300000000003,17420.2525,43.718064022787985,70.62008273604079,-83.35221693481442,21.2409626175481,16.700404858299596,Sell
16.2.2016,17165.0,17165.0,17165.0,17495.4,17501.195362637398,17514.890476190478,17569.0,17432.752500000002,43.718064022787985,31.67693968711683,-75.86101565483052,21.282320849426434,16.700404858299596,Sell
15.2.2016,17165.0,17165.0,17165.0,17466.15,17469.17675667193,17483.42380952381,17591.25,17441.907499999998,43.718064022787985,0.8049394101872167,-68.85994431027923,21.320724921884885,16.700404858299596,Sell
12.2.2016,17999.0,17999.0,17999.0,17486.1,17519.636113179367,17534.17142857143,17737.1,17450.56,58.20270345601655,43.138216236977314,109.2668622741941,20.66483004258067,100.0,Sell
11.2.2016,17700.0,17700.0,17700.0,17491.1,17536.813626209903,17554.542857142857,17838.1,17457.9625,52.94216522617587,51.96185801025422,43.74530110435966,19.277482733894885,70.07007007007007,Sell
10.2.2016,17700.0,17700.0,17500.0,17525.3,17552.355185618482,17574.438095238096,17843.899999999998,17467.035,52.94216522617587,58.2828097356396,25.595311392965282,18.284868533812332,66.32882882882883,Sell
09.2.2016,17700.0,17700.0,17700.0,17560.3,17566.41659651196,17591.07619047619,17751.3,17477.8575,52.94216522617587,62.570930777055764,35.0682421910781,17.36315534802139,64.14868105515588,Sell
08.2.2016,17700.0,17750.0,17700.0,17554.3,17579.138825415583,17604.380952380954,17699.7,17486.33,52.94216522617587,65.21751072942789,40.559127760693016,16.367169313871962,64.14868105515588,Sell
05.2.2016,17750.0,17751.0,17750.0,17556.8,17595.411318233146,17623.019047619047,17649.600000000002,17494.175,53.87976201776272,70.53642652425697,45.87377309864516,15.439364754489821,70.14388489208633,Sell
04.2.2016,17751.0,17751.0,17750.0,17569.35,17610.229287925227,17641.514285714286,17589.65,17501.6475,53.899545560138336,73.97960640311794,41.644817580832864,14.577831949349262,70.26378896882494,Sell
03.2.2016,18400.0,18400.0,18400.0,17609.35,17685.445546218063,17720.623809523808,17796.65,17509.870000000003,64.53284889921477,127.60626179079554,159.98126470013412,15.006465896364833,100.0,Sell
02.2.2016,18499.0,18499.0,18000.0,17684.3,17762.926922768725,17805.35238095238,17988.500000000004,17521.864999999998,65.82767862190991,176.06468111970753,136.05659328212258,14.256318394850366,100.0,Sell
01.2.2016,18500.0,18500.0,18500.0,17749.3,17833.124358695513,17883.038095238095,18190.500000000004,17536.635000000002,65.84124418693173,212.10401613672366,153.84952101958078,13.562200149707039,100.0,Sell
29.1.2016,18000.0,18250.0,18000.0,17790.8,17849.01727691499,17906.914285714287,18149.2,17553.305,54.24586991698874,198.03678270405362,62.14246274688944,13.478275981386806,62.546816479400746,Sell
28.1.2016,18149.0,18149.0,18149.0,17839.75,17877.587060065944,17941.02857142857,18190.050000000003,17572.995,56.69347329091698,196.64465642256982,68.26580226904409,13.40034639651802,73.70786516853933,Sell
27.1.2016,18000.0,18000.0,18000.0,17864.75,17889.24543529776,17956.290476190476,18225.050000000003,17593.6825,53.605289966402374,181.42695456189176,31.778024119050325,13.659613146102163,62.546816479400746,Sell
26.1.2016,18000.0,18000.0,17999.0,17865.35,17899.793489078926,17969.17142857143,18284.450000000004,17612.927499999998,53.605289966402374,167.43671003216514,31.51715671206726,13.902629866961979,50.0,Sell
25.1.2016,18199.0,18199.0,17500.0,17875.9,17928.289347261885,18000.94761904762,18373.699999999997,17631.2275,57.21519472137671,170.44222545722732,24.317529742712974,15.139174434957294,69.9,Sell
22.1.2016,18000.0,18000.0,18000.0,17876.5,17935.118933236943,18012.766666666666,18423.1,17648.085,52.791586319057444,154.97996859130944,31.751362465181007,16.287394390952944,50.0,Sell
21.1.2016,18300.0,18300.0,18300.0,17892.1,17969.8695110239,18053.1,18517.300000000003,17664.249999999996,58.05640918047447,165.03113522238345,91.12889287998739,16.357052258360223,80.0,Sell
20.1.2016,18000.0,18000.0,17996.0,17933.85,17972.739081402575,18063.376190476192,18395.550000000003,17684.3375,51.8313746239058,147.09366024419796,20.2231350720694,17.036172919321732,50.0,Sell
18.1.2016,17500.0,17500.0,17500.0,17950.6,17927.716311745186,18022.057142857142,18179.0,17707.097499999996,43.46617268079275,91.47776206762137,-113.36533249401121,18.48473322041377,0.0,Buy
15.1.2016,17997.0,17997.0,17997.0,17992.2,17934.314758245644,18026.47619047619,18036.8,17733.4,51.794394971860235,86.50829469773817,7.453729007920223,18.42853126733684,49.7,Buy
14.1.2016,17500.0,17500.0,17500.0,17967.25,17892.951447936535,17979.6,17961.75,17757.457499999997,44.702526489386365,41.98226419771163,-127.88588468807205,19.16022644601737,0.0,Buy
13.1.2016,17500.0,17501.0,17500.0,17957.25,17855.52750051401,17935.1,17841.949999999997,17780.765,44.702526489386365,6.618767205411132,-118.86112315698132,19.837002906828296,0.0,Buy
12.1.2016,17501.0,17550.0,17501.0,17947.3,17821.762976655533,17891.64761904762,17752.100000000002,17801.864999999998,44.72018920330376,-21.083331773803366,-109.58091723774459,20.327490783446603,0.1,Buy
11.1.2016,17700.0,17700.0,17700.0,17947.3,17810.16650268834,17868.095238095237,17692.100000000002,17821.215,48.26180295858052,-26.672345711664093,-61.43472149007258,20.35612526747861,25.0,Buy
08.1.2016,17700.0,17700.0,17700.0,17947.3,17799.67445481326,17844.542857142857,17592.3,17840.864999999998,48.26180295858051,-30.74724442979641,-60.974008926227306,20.38271443122262,25.0,Buy
05.1.2016,17700.0,17700.0,17700.0,17944.8,17790.18164959295,17820.990476190476,17534.8,17860.265,48.26180295858052,-33.58943294765413,-59.604424495584894,20.407404368984913,25.0,Buy
04.1.2016,18000.0,18000.0,18000.0,17957.25,17810.164349631716,17826.24761904762,17462.35,17879.66,53.83116890957749,-11.50180933118827,15.551848463649375,19.521504880779734,62.5,Buy
30.12.2015,18500.0,18500.0,18500.0,17962.25,17875.862983000123,17877.938095238096,17557.35,17897.305,61.30701184300423,45.820423523098725,146.66631291289679,18.782515879255442,100.0,Buy
29.12.2015,18500.0,18500.0,18500.0,17962.3,17935.304603666777,17929.152380952382,17757.3,17911.204999999998,61.30701184300423,90.20883475055234,141.15644053807534,18.096311806411457,100.0,Buy
28.12.2015,18500.0,18799.0,18200.0,17962.3,17989.085117603274,17980.361904761903,17857.899999999998,17921.855,61.30701184300423,123.95805910538911,141.08073887293597,16.925485770292447,76.98229407236336,Sell
25.12.2015,17700.0,17900.0,17700.0,17947.3,17961.553201641058,17955.380952380954,17912.899999999998,17929.68,46.31898777091893,85.16946782663581,-43.80901749322781,16.903632052384715,15.396458814472672,Sell
24.12.2015,18100.0,18100.0,18098.0,17944.85,17974.738611008575,17969.92380952381,18035.35,17934.935,52.563538606961835,85.71778556747813,41.348876361503486,16.372275658490544,46.18937644341801,Sell
23.12.2015,18100.0,18100.0,18100.0,17949.85,17986.668267102996,17984.7,18150.15,17939.19,52.563538606961835,85.17053837791173,39.63687829225686,15.878873292731669,46.18937644341801,Sell
22.12.2015,18150.0,18200.0,17802.0,17957.35,18002.223670236042,18003.761904761905,18232.65,17943.79,53.35023890151355,87.75978301995565,26.398896340805038,16.0406039291041,50.03849114703618,Sell
21.12.2015,17000.0,17000.0,17000.0,17897.4,17906.77379688023,17912.585714285713,18152.6,17944.864999999998,37.816122789592804,-2.949609730807424,-187.70490802148925,17.462011912515297,0.0,Sell
18.12.2015,17100.0,17100.0,17100.0,17852.4,17829.93819717735,17836.64285714286,18077.6,17943.66,39.46668345251858,-66.00740052151014,-141.90309839651292,18.50644907646742,5.558643690939411,Buy
17.12.2015,17100.0,17100.0,16800.0,17792.4,17760.42027363665,17764.985714285714,17957.6,17938.675,39.466683452518566,-114.6594314769427,-142.98462102515384,19.883548119044658,15.007503751875937,Buy
16.12.2015,16805.0,16805.0,16805.0,17732.65,17669.427866623635,17670.94761904762,17678.35,17928.614999999998,36.1810005433627,-175.0032228924283,-154.71115437548235,21.162282944294954,0.25012506253126565,Buy
15.12.2015,16819.0,16819.0,16755.0,17698.6,17588.434736469004,17583.933333333334,17376.200000000004,17916.015,36.4513912535823,-219.16997431034542,-138.18518117790106,22.420640903841385,3.131115459882583,Buy
14.12.2015,16700.0,16701.0,16500.0,17633.75,17503.821904424338,17488.82857142857,17081.050000000003,17898.0925,35.090465254404265,-260.76876844905564,-138.70293106890995,23.941710461392407,8.699434536755112,Buy
11.12.2015,16700.0,16700.0,16698.0,17593.75,17427.267437336304,17399.9,16921.050000000003,17879.4175,35.090465254404265,-290.3886924215585,-113.39581442922156,25.354132193404073,8.699434536755112,Buy
10.12.2015,16500.0,16500.0,16500.0,17543.75,17338.956252828084,17295.733333333334,16651.050000000003,17858.7425,32.71004342744513,-326.24032866871494,-119.85974353324137,26.937822231249022,0.0,Buy
09.12.2015,16500.0,16500.0,16500.0,17493.7,17259.05565732065,17196.32857142857,16381.100000000002,17836.0625,32.71004342744513,-350.61137896299624,-103.85135706434411,28.40839155210505,0.0,Buy
07.12.2015,16500.0,16700.0,16500.0,17433.7,17186.76464233773,17101.690476190477,16111.100000000002,17810.3825,32.71004342744513,-365.7099354162019,-86.05144125648819,28.9996582708391,0.0,Buy
04.12.2015,16700.0,16733.0,16700.0,17383.7,17140.406104972233,17031.814285714285,16101.100000000002,17782.2025,37.96596502295715,-357.4172382166762,-64.97607476422564,29.422863019948156,11.764705882352942,Buy
03.12.2015,16733.0,16733.0,16733.0,17335.35,17101.605523546306,16969.842857142856,16076.050000000003,17751.73,38.81516707724063,-344.21450122882743,-57.57367618273671,29.81583885840657,13.705882352941176,Buy
01.12.2015,17250.0,17250.0,17250.0,17297.85,17115.73833082761,16961.714285714286,16143.550000000003,17718.76,50.29514608288833,-288.70563890240373,-4.179158717179774,28.35215076976352,44.11764705882353,Buy
30.11.2015,17000.0,17200.0,17000.0,17222.85,17104.715632653555,16933.347619047618,16257.550000000003,17681.79,45.81831622218781,-261.86871669335596,-17.708581627491814,27.575424031506603,66.66666666666667,Buy
27.11.2015,17501.0,17501.0,17501.0,17172.9,17142.457000972267,16959.838095238094,16443.9,17642.32,54.54937270649355,-197.8925671940342,43.53123337037612,25.977961704513728,100.0,Buy
26.11.2015,17501.0,17501.0,17501.0,17122.95,17176.603953260623,16991.085714285713,16654.05,17600.3525,54.54937270649355,-145.51361739036292,57.40841647720467,24.49460382944892,100.0,Sell
25.11.2015,17501.0,17501.0,17501.0,17113.0,17207.49881485485,17027.090476190475,16824.199999999997,17558.6375,54.54937270649355,-102.8177038132344,61.81181181181183,23.11720008831731,100.0,Sell
24.11.2015,17501.0,17501.0,17501.0,17083.05,17235.4513086782,17064.042857142857,17054.350000000002,17515.547499999997,54.54937270649355,-68.19477774781262,72.71426290822811,21.838182328695105,100.0,Sell
23.11.2015,17400.0,17400.0,17400.0,17048.05,17251.12261261361,17094.22857142857,17269.350000000002,17470.4575,52.26560128991187,-48.34838521510028,68.33711539162908,20.955247132437812,89.91008991008991,Sell
20.11.2015,17500.0,17500.0,17500.0,17015.55,17274.825220936124,17137.27142857143,17501.850000000002,17423.3675,54.30541685621519,-24.271030550269643,101.36904978883656,19.77729992972214,99.9000999000999,Sell
19.11.2015,17500.0,17500.0,17500.0,17040.55,17296.270437989828,17183.409523809525,17636.850000000002,17380.525,54.30541685621519,-5.13041329947373,89.54080395674762,18.68349181291473,99.9000999000999,Sell
18.11.2015,17500.0,17500.0,17500.0,17060.55,17315.67325341937,17227.166666666668,17770.250000000004,17340.9325,54.30541685621518,9.924263045733824,80.95128992347553,17.66781284730785,99.9000999000999,Sell
17.11.2015,17500.0,17500.0,17500.0,17080.55,17333.228181665145,17269.019047619047,17800.250000000004,17305.34,54.30541685621518,21.606140375504765,72.70427081970102,16.72468237924432,99.9000999000999,Sell
16.11.2015,17897.0,17897.0,17500.0,17135.15,17386.920735792275,17346.77619047619,17925.049999999996,17275.465,62.79505775147806,62.18190021648843,106.24615556673926,16.677259039602543,100.0,Sell
13.11.2015,17050.0,17050.0,17050.0,17146.7,17354.833046669202,17338.666666666668,17823.3,17247.870000000003,44.00875641907071,25.696448237580626,-16.331106890962413,15.942481875733465,27.233676975945016,Sell
12.11.2015,17050.0,17050.0,17050.0,17164.2,17325.801327938803,17329.457142857143,17715.600000000002,17224.3925,44.00875641907071,-3.181856854014768,-21.216350701409628,15.260188794997893,5.574136008918618,Sell
11.11.2015,17050.0,17050.0,17050.0,17181.7,17299.534534801776,17318.58095238095,17607.899999999998,17203.79,44.00875641907071,-25.771049084138212,-25.83959141024002,14.626630934314862,5.574136008918618,Sell
10.11.2015,17300.0,17300.0,17300.0,17221.7,17299.578864820654,17329.847619047618,17527.7,17187.6875,49.57050194229265,-23.232427052647836,16.97766901193041,14.02472595690172,29.515938606847698,Sell
09.11.2015,17301.0,17301.0,17301.0,17261.75,17299.71421102821,17337.4,17467.85,17176.09,49.592071166688946,-20.89894908435599,9.829103300951484,13.469227955603774,29.634002361275087,Sell
06.11.2015,17600.0,17600.0,17600.0,17316.75,17328.312857596953,17369.614285714284,17432.85,17170.2425,55.694014323663566,5.019290908858238,82.3749960994406,13.897232252557023,64.93506493506493,Sell
05.11.2015,18000.0,18000.0,18000.0,17381.75,17392.28306163534,17434.685714285715,17467.85,17170.144999999997,62.273465957078855,57.17723630628825,186.05440140493718,15.26562729055995,100.0,Sell
04.11.2015,18000.0,18000.0,18000.0,17445.1,17450.160865289115,17493.566666666666,17504.5,17175.6325,62.273465957078855,97.39013100448938,180.04171639303684,16.536279825848382,100.0,Sell
03.11.2015,18000.0,18000.0,18000.0,17482.6,17502.526497166342,17546.414285714287,17567.0,17184.870000000003,62.273465957078855,127.78610114120602,162.39256261711856,17.71617146575907,100.0,Sell
02.11.2015,17550.0,18000.0,17550.0,17510.1,17507.0477831505,17552.833333333332,17470.1,17199.2325,51.522841833365526,114.24691989628263,63.044432955878214,16.98994345427908,52.63157894736842,Buy
30.10.2015,18000.0,18047.0,18000.0,17535.05,17553.995613326646,17599.490476190476,17635.149999999998,17217.340000000004,59.12258251848487,138.23477595913573,137.43283667745112,16.454967903994522,95.28585757271816,Sell
29.10.2015,17001.0,17001.0,17001.0,17510.05,17501.329364438396,17548.628571428573,17650.350000000002,17236.695,43.00450521897529,75.76104750741797,-136.2828749135529,17.148868556827946,0.0,Buy
28.10.2015,17001.0,17320.0,17001.0,17485.05,17453.678948777597,17500.14761904762,17665.55,17255.2975,43.00450521897529,25.95102040128768,-95.80614633660416,16.885363385451434,0.0,Buy
27.10.2015,17850.0,17850.0,17850.0,17502.5,17491.423810798777,17534.904761904763,17758.1,17276.27,55.0757540671243,54.35682799162896,79.52838047193082,15.955498433212634,81.16634799235182,Buy
26.10.2015,18000.0,18000.0,18000.0,17532.5,17539.85963834175,17582.285714285714,17867.9,17300.4925,56.81596982792137,87.95845128330257,99.84155289007877,15.3974514566236,95.50669216061185,Sell
22.10.2015,18000.0,18499.0,18000.0,17557.5,17583.68252992825,17626.809523809523,17922.9,17327.59,56.81596982792137,113.28213390460223,117.46157398245253,15.781029997407227,66.68891855807743,Sell
21.10.2015,18000.0,18499.0,18000.0,17582.5,17623.33181279223,17668.95238095238,17897.9,17354.6875,56.81596982792137,131.8316614978794,103.6910215476687,16.137210070992023,66.68891855807743,Sell
20.10.2015,18500.0,18500.0,18500.0,17632.5,17706.82402109773,17756.333333333332,17947.9,17383.285,62.8131189934905,184.74845193138026,142.58218124013544,16.469755941341855,100.0,Sell
19.10.2015,18500.0,18500.0,18500.0,17682.5,17782.364590516994,17838.95238095238,17997.9,17413.3825,62.8131189934905,224.1020803116844,126.14187220035258,16.77854853523813,100.0,Sell
16.10.2015,18500.0,18500.0,18500.0,17712.65,17850.710819991567,17916.809523809523,18157.75,17442.2575,62.8131189934905,252.38082527845836,111.50589537685157,17.065284515284674,100.0,Sell
15.10.2015,18500.0,18501.0,18500.0,17785.15,17912.547884754276,17991.795238095237,18185.25,17474.18,62.8131189934905,271.66040238600544,103.4517480264213,17.333794920928774,99.93333333333334,Sell
14.10.2015,18500.0,18500.0,18500.0,17857.65,17968.49570525387,18059.876190476192,18412.549999999996,17508.8525,62.8131189934905,283.6696391239893,97.30082024543746,17.583126011884012,99.93333333333334,Sell
13.10.2015,18500.0,18500.0,18500.0,17930.15,18019.11516189636,18121.05238095238,18639.85,17546.275,62.8131189934905,289.84588284606434,93.1115405853116,17.81464773919959,99.93333333333334,Sell
09.10.2015,19000.0,19000.0,19000.0,18015.15,18112.532765525277,18222.942857142858,18784.85,17585.947500000002,69.43465923345815,331.2677731371914,162.1649169299765,19.156973244665416,100.0,Sell
08.10.2015,19000.0,19000.0,19000.0,18100.1,18197.05345452287,18316.738095238095,18899.9,17627.865,69.43465923345815,359.94568976827577,143.88054762791114,20.403418356883684,100.0,Sell
07.10.2015,19000.0,19000.0,19000.0,18170.1,18273.52455409212,18402.442857142858,19029.9,17670.5325,69.43465923345815,378.31219778672676,127.01375128558465,21.560831675372075,100.0,Sell
06.10.2015,19000.0,19101.0,19000.0,18220.1,18342.71269179763,18481.480952380953,19179.9,17712.45,69.43465923345815,388.3906619289701,115.44691430962777,22.85239266829718,91.92645883293365,Sell
05.10.2015,19500.0,19500.0,19500.0,18295.1,18452.93053067405,18603.376190476192,19304.9,17754.95,75.34061558475146,431.7468299956381,158.4030502119078,24.781327915888397,100.0,Sell
02.10.2015,19500.0,19500.0,19500.0,18370.1,18552.65143251462,18718.128571428573,19429.9,17799.325,75.34061558475146,460.7951459453543,140.50556238056237,26.572482074365954,100.0,Sell
01.10.2015,19700.0,19700.0,19501.0,18477.6,18661.922724656084,18844.785714285714,19562.4,17847.7,77.36918787239675,494.25698726271,145.94565053156785,28.556508309185347,100.0,Sell
30.9.2015,19505.0,19505.0,19505.0,18552.85,18742.21579849836,18942.633333333335,19688.15,17898.59,71.21763052960586,499.28541579040757,111.19132568842029,30.39881838437478,83.75,Sell
29.9.2015,19505.0,19505.0,19505.0,18678.05,18814.86191292709,19033.314285714285,19763.95,17956.989999999998,71.21763052960586,497.53520548258894,99.73221065820141,32.10953488276497,83.75,Sell
28.9.2015,19503.0,19503.0,19503.0,18803.15,18880.3988736007,19111.880952380954,19839.449999999997,18022.895,71.15033925342863,490.33449705927706,91.33546723570758,33.68573719830101,83.58333333333333,Sell
25.9.2015,19501.0,19502.0,19501.0,18885.7,18939.503742781588,19178.342857142856,19857.100000000002,18092.055,71.07801379230418,478.94551470985607,83.87799564270179,35.13611653992793,83.41666666666667,Sell
24.9.2015,19500.0,19500.0,19500.0,18960.7,18992.884338707154,19236.847619047618,19882.100000000002,18163.465,71.03913018405407,464.4846822171785,78.14029282736932,36.475782863156354,83.33333333333333,Sell
23.9.2015,19500.0,19600.0,19500.0,19035.7,19041.181068354093,19288.209523809524,19907.100000000002,18237.375,71.03913018405407,447.86169741844424,76.12564426723664,37.93423064898694,83.33333333333333,Sell
22.9.2015,19600.0,19600.0,19506.0,19115.7,19094.401918987038,19341.95238095238,19947.100000000002,18314.035,72.76694429591736,437.7113623491423,73.7531104619713,39.28850359297248,85.71428571428571,Buy
21.9.2015,19500.0,19501.0,19500.0,19165.7,19133.03030765494,19378.55238095238,19897.100000000002,18390.695,68.37394876976269,416.7934489774743,56.81557265629045,40.49548911042429,71.42857142857143,Buy
18.9.2015,19501.0,19501.0,19500.0,19215.75,19168.07504025923,19410.485714285714,19847.25,18467.357500000002,68.39449698059718,395.73475959537245,51.887077294686215,41.616261376629545,71.57142857142857,Buy
17.9.2015,19500.0,19500.0,19500.0,19265.75,19199.686941186927,19437.557142857142,19757.25,18545.0125,68.34667460838573,374.64621652283677,47.40003518560407,42.656978480963,71.42857142857143,Buy
16.9.2015,19500.0,19500.0,19150.0,19315.75,19228.28818488341,19459.866666666665,19706.25,18621.542500000003,68.34667460838573,353.8543811637537,17.735280427287133,40.86375693817859,63.63636363636363,Buy
15.9.2015,19102.0,19200.0,19011.0,19345.85,19216.26073870404,19439.509523809524,19595.550000000003,18695.9525,51.67024962981508,301.7826653563352,-65.24998491410292,38.395299906149795,13.20754716981132,Buy
14.9.2015,19300.0,19300.0,19199.0,19385.85,19224.235906446513,19435.14285714286,19514.950000000004,18768.7375,57.257661044997036,273.34149011854606,-39.69991744140059,36.56500037905719,41.944847605224965,Buy
11.9.2015,19500.0,19500.0,19500.0,19410.85,19250.49915345161,19446.014285714286,19489.75,18838.5225,62.03248887448974,263.8979312841657,40.25890499062677,35.671685724960426,83.02207130730051,Buy
10.9.2015,19000.0,19000.0,19000.0,19410.85,19226.64209121812,19406.885714285716,19389.75,18904.059999999998,47.68931638016533,213.60570790926067,-165.00403683785368,33.69476528595748,0.0,Buy
09.9.2015,19000.0,19000.0,19000.0,19410.85,19205.05713014973,19367.757142857143,19289.75,18966.097499999996,47.68931638016533,171.76871571627998,-165.00403683785515,31.85905344974046,0.0,Buy
07.9.2015,19000.0,19000.0,19000.0,19410.85,19185.52787965928,19328.628571428573,19169.75,19025.635000000002,47.68931638016533,137.0329672378357,-161.9625695498228,30.154463887538945,0.0,Buy
04.9.2015,19000.0,19000.0,19000.0,19385.85,19167.858557786967,19289.5,19094.75,19080.172499999997,47.68931638016533,108.2567202277969,-133.00841825431985,28.571630722637536,0.0,Buy
03.9.2015,19000.0,19000.0,19000.0,19360.85,19151.87202847392,19252.75238095238,19019.550000000003,19129.71,47.68931638016533,84.4775327387033,-112.20117727145315,27.101857069514804,0.0,Buy
02.9.2015,19000.0,19000.0,19000.0,19325.85,19137.408025762117,19218.385714285716,18954.550000000003,19172.1225,47.68931638016533,64.88440826446822,-97.51642790090196,25.737067248757977,0.0,Buy
01.9.2015,19000.0,19000.0,19000.0,19300.6,19124.321547118107,19187.35238095238,18879.800000000003,19209.51,47.68931638016533,48.79424626027321,-86.1739294361894,24.469762415198065,0.0,Buy
31.8.2015,19000.0,19000.0,19000.0,19275.35,19112.481399773525,19158.72380952381,18884.65,19239.375,47.68931638016533,35.631934191344044,-77.36411736411709,23.292979355463864,0.0,Buy
27.8.2015,19000.0,19000.0,19000.0,19250.2,19101.76888550938,19132.5,18849.8,19261.7275,47.68931638016533,24.913519502679264,-69.65851793437935,22.20025222856782,0.0,Buy
26.8.2015,18750.0,18750.0,18750.0,19212.65,19068.26708688944,19084.861904761903,18737.35,19278.075,38.922220134177515,-3.7110335383258644,-126.24851841326364,22.507068003032582,0.0,Buy
25.8.2015,19000.0,19000.0,19000.0,19187.65,19061.765459566635,19064.609523809522,18762.35,19289.4225,49.01598908128835,-6.15236673525942,-52.052066497344384,21.183616445420434,33.333333333333336,Buy
24.8.2015,19000.0,19000.0,19000.0,19162.65,19055.883034846003,19046.738095238095,18787.35,19295.769999999997,49.01598908128835,-7.994979733022774,-47.797138184578685,19.95469714192344,33.333333333333336,Buy
21.8.2015,19000.0,19000.0,19000.0,19132.65,19050.560841051145,19031.24761904762,18817.35,19296.6175,49.01598908128835,-9.347511514941289,-43.9666520403686,18.81355778867623,33.333333333333336,Buy
20.8.2015,19000.0,19000.0,19000.0,19107.65,19045.7455228558,19018.614285714284,18842.35,19293.715,49.01598908128835,-10.300663064706896,-40.41829643668327,17.753928389232396,100.0,Buy
19.8.2015,19000.0,19000.0,19000.0,19082.6,19041.38880639334,19008.361904761903,18867.4,19287.0575,49.01598908128835,-10.930047748261131,-36.38122883405933,16.76998680403455,100.0,Buy
18.8.2015,19500.0,19500.0,19000.0,19082.6,19085.06606292731,19048.114285714284,18967.4,19277.899999999998,65.5226031440358,28.587443428419647,141.77529484792012,17.814866966720924,100.0,Sell
17.8.2015,19500.0,19527.0,19500.0,19082.6,19124.58358074376,19087.866666666665,19067.4,19266.2425,65.5226031440358,59.22265795797284,215.6739036308543,18.880184986173735,96.52509652509653,Sell
14.8.2015,19999.0,19999.0,19001.0,19127.45,19207.86133495864,19175.14285714286,19222.350000000002,19255.322500000002,74.92069056853146,122.35597238474293,212.98782881821947,17.834943123117927,100.0,Sell
13.8.2015,19000.0,19000.0,18800.0,19112.45,19188.06501734353,19163.004761904762,19237.350000000002,19241.6525,47.18823313139196,90.73271762070362,-60.376253958117374,17.601779349818717,20.0160128102482,Sell
12.8.2015,18850.0,18850.0,18850.0,19079.95,19155.8683490251,19138.009523809524,19289.850000000002,19225.1075,44.52331118850464,52.95686026858675,-99.62781296985538,17.385270131755163,8.00640512409928,Sell
11.8.2015,18850.0,18999.0,18850.0,19072.45,19126.738030070326,19116.109523809522,19267.350000000002,19208.1875,44.52331118850464,22.75689385005171,-71.8711276332105,16.490009072338317,8.00640512409928,Sell
10.8.2015,18900.0,18900.0,18900.0,19067.45,19105.143931968392,19099.685714285715,19252.350000000002,19191.0175,45.70861534295588,2.825217666297249,-68.51929993771137,15.658695231451246,12.00960768614892,Sell
07.8.2015,18500.0,18500.0,18500.0,19042.45,19047.511176542834,19045.64285714286,19177.350000000002,19172.5975,38.60281610516726,-44.731796069307165,-236.5296281472149,16.306732688938947,0.0,Sell
06.8.2015,18550.0,18550.0,18550.0,19019.95,19000.129159729233,18998.742857142857,19109.850000000002,19154.3025,39.86134523824614,-77.49319661920526,-187.69680018294926,16.66475568163556,3.33555703802535,Buy
05.8.2015,18500.0,18500.0,18500.0,18994.95,18952.49781118359,18949.22380952381,19034.850000000002,19136.0075,39.000413503696734,-106.26645121961701,-167.08177667081853,17.158037212647024,0.0,Buy
04.8.2015,18500.0,18515.0,18500.0,18969.95,18909.40278154706,18902.085714285713,18859.850000000002,19118.2125,39.000413503696734,-127.59858572171288,-138.60658105517552,17.535225714387362,0.0,Buy
31.7.2015,18510.0,18510.0,18510.0,18945.45,18871.36442139972,18858.280952380952,18686.350000000002,19100.455,39.30448292206209,-142.05996077923191,-117.99664509944978,17.885472180289106,0.66711140760507,Buy
30.7.2015,18500.0,18500.0,18500.0,18920.45,18835.996381266417,18815.85714285714,18411.55,19082.71,39.09461432044086,-152.56890179832044,-105.52070821655826,18.249665528359262,0.0,Buy
29.7.2015,18500.0,18500.0,18500.0,18895.45,18803.996725907713,18775.814285714285,18336.55,19064.9725,39.09461432044086,-159.06372565318088,-92.53706480093348,18.587845065852978,0.0,Buy
28.7.2015,18500.0,18500.0,18500.0,18882.95,18775.044656773647,18738.152380952382,18279.05,19048.4875,39.09461432044086,-162.3395708311691,-85.03138676013445,18.901868922097144,0.0,Buy
27.7.2015,18500.0,18500.0,18500.0,18857.95,18748.849927557112,18701.680952380953,18234.05,19032.0025,39.09461432044086,-163.05609259932316,-75.71707520521781,19.193462502895297,0.0,Buy
24.7.2015,18500.0,18500.0,18500.0,18832.95,18725.149934456436,18667.590476190475,18179.05,19015.5175,39.09461432044086,-161.75928096355346,-68.10471976401237,19.464227970779294,0.0,Buy
23.7.2015,18500.0,18500.0,18500.0,18807.95,18703.707083555826,18635.880952380954,18204.05,18999.2825,39.09461432044086,-158.8998498419278,-61.8992905473187,19.715653048100155,0.0,Buy
22.7.2015,18500.0,18501.0,18500.0,18782.95,18684.306408931465,18606.55238095238,18219.05,18983.0475,39.09461432044086,-154.84873030399467,-56.680533239422175,19.939491883083885,0.0,Buy
21.7.2015,18500.0,18500.0,18500.0,18757.95,18666.75341760466,18579.60476190476,18244.05,18966.815,39.09461432044086,-149.91011835485187,-52.41329634277394,20.147342229854495,0.0,Buy
20.7.2015,19500.0,19500.0,18800.0,18757.95,18746.110234975647,18650.27619047619,18444.05,18950.5825,69.02085890981594,-64.56037829949128,122.70492224576383,21.98722313922973,100.0,Buy
16.7.2015,18800.0,18800.0,18800.0,18722.95,18751.242593549396,18654.280952380952,18537.05,18932.6,50.36522454453845,-52.79564887378365,28.737035329011313,23.69568398364959,30.0,Sell
15.7.2015,18800.0,18800.0,18500.0,18663.0,18755.8861560685,18661.619047619046,18657.0,18909.3775,50.36522454453845,-42.976608453373046,19.76950758438481,23.583483325436898,30.0,Sell
14.7.2015,18499.0,18499.0,18499.0,18637.95,18731.4208078715,18646.0,18681.850000000002,18885.652500000004,44.382739889128786,-58.80526215871214,-49.849825904366824,23.47419618251454,0.0,Sell
13.7.2015,18050.0,18050.0,18050.0,18597.95,18666.52358807421,18590.004761904762,18631.850000000002,18861.5525,37.270855211446055,-106.35414740182387,-216.2734973507474,22.143880278788146,0.0,Sell
10.7.2015,18050.0,18500.0,18050.0,18557.95,18607.807055876667,18537.819047619047,18581.850000000002,18835.827500000003,37.270855211446055,-142.3955344452661,-158.14691057371007,21.65508128257889,0.0,Sell
09.7.2015,18300.0,18400.0,18300.0,18527.95,18578.492098174127,18513.25238095238,18571.850000000002,18808.8525,43.15306715333692,-149.0673273203829,-101.24997748599682,21.20119650038458,17.24137931034483,Sell
08.7.2015,18500.0,18500.0,18490.0,18527.95,18571.016660252782,18510.590476190475,18571.850000000002,18783.1275,47.40231987974501,-136.6413265550691,-12.898057640725526,21.065248524181754,31.03448275862069,Sell
07.7.2015,18000.0,18000.0,18000.0,18500.45,18516.634121181087,18460.309523809523,18499.350000000002,18757.1525,39.4609145562078,-165.2347296414482,-236.66778668458565,19.88115308919305,0.0,Sell
06.7.2015,18000.0,18500.0,18000.0,18475.45,18467.43087154479,18412.64761904762,18424.350000000002,18731.1775,39.4609145562078,-185.75395166477392,-126.52470680352089,19.48185682742592,0.0,Buy
03.7.2015,18500.0,18500.0,18500.0,18475.45,18470.532693302433,18414.985714285714,18224.350000000002,18706.452500000003,49.309876931512356,-159.8273711797483,9.757427091850104,19.11108172721358,33.333333333333336,Buy
02.7.2015,18500.0,18500.0,18500.0,18474.95,18473.339103464106,18417.32380952381,18164.850000000002,18682.927499999998,49.309876931512356,-137.6931286780382,9.977138567577066,18.766790562730698,33.333333333333336,Buy
01.7.2015,18500.0,18500.0,18500.0,18474.95,18475.878236467528,18419.709523809524,18104.850000000002,18660.6525,49.309876931512356,-118.78233322879532,9.977138567577066,18.447091624282304,33.333333333333336,Sell
30.6.2015,18500.0,18500.0,18500.0,18474.95,18478.175547280145,18422.095238095237,18105.05,18639.6275,49.309876931512356,-102.61253812492942,9.977138567577066,18.15022832429451,33.333333333333336,Sell
29.6.2015,18500.0,18500.0,18500.0,18474.95,18480.2540665868,18424.480952380953,18195.05,18619.2275,49.30987693151236,-88.77452158344022,9.977138567576954,17.874569545734413,62.5,Sell
26.6.2015,18500.0,18501.0,18500.0,18474.95,18482.134631673773,18426.866666666665,18285.05,18600.077500000003,49.309876931512356,-76.921095272206,10.106283160174328,17.622031496689857,62.5,Sell
25.6.2015,18500.0,18500.0,18100.0,18474.95,18483.83609532389,18429.25238095238,18325.05,18582.177499999998,49.309876931512356,-66.75762912782375,-40.18958959352114,16.92726921545043,99.8003992015968,Sell
24.6.2015,18000.0,18000.0,18000.0,18449.95,18437.756467197807,18384.019047619047,18250.05,18564.2775,38.72589921156953,-97.9200687112534,-148.64725363331763,16.60943344506817,0.0,Buy
23.6.2015,18197.0,18197.0,18000.0,18434.8,18414.827279845635,18359.928571428572,18304.600000000002,18546.87,43.84057981865924,-105.50408754486853,-90.95968340341346,15.547283022744177,39.321357285429144,Buy
22.6.2015,18000.0,18200.0,18000.0,18409.8,18375.319919860336,18318.519047619047,18329.600000000002,18529.4625,40.224661177588274,-125.9587565735419,-96.89098327682332,14.54964022640118,0.0,Buy
19.6.2015,18200.0,18200.0,18200.0,18344.8,18358.62278463554,18298.538095238095,18334.600000000002,18508.805,45.16909144184847,-124.59465103676484,-50.0077514229396,13.623257629796969,39.920159680638726,Sell
18.6.2015,18200.0,18200.0,18100.0,18314.8,18343.515852765486,18284.74761904762,18304.600000000002,18488.3975,45.16909144184847,-122.10602531949917,-53.72965721749474,13.163677889375375,39.920159680638726,Sell
17.6.2015,17900.0,17900.0,17900.0,18269.8,18301.276247740203,18245.242857142857,18229.600000000002,18468.7375,39.48699134704134,-142.69634961144766,-132.42456017709375,13.461688665749156,0.0,Sell
16.6.2015,18000.0,18100.0,18000.0,18244.85,18272.583271764946,18219.54761904762,18154.550000000003,18449.0825,42.101547131746045,-149.2249928645506,-78.11607574359786,12.855590336725172,16.638935108153078,Sell
15.6.2015,18101.0,18350.0,18101.0,18247.4,18256.242007787336,18205.847619047618,18072.199999999997,18431.555,44.70037439669182,-144.58247697607294,-28.41835546238046,12.513076884680881,33.44425956738769,Sell
12.6.2015,18350.0,18350.0,18350.0,18262.4,18265.171340379016,18215.619047619046,18027.199999999997,18416.777500000004,50.58879177536059,-119.43426678451942,28.91993390416122,12.19502867921118,74.87520798668885,Sell
11.6.2015,18500.0,18500.0,18500.0,18272.4,18287.535974628634,18238.24761904762,18017.199999999997,18404.0,53.781566053400844,-86.40436687051624,76.54448756647915,12.4220650384008,99.83361064891847,Sell
10.6.2015,18000.0,18000.0,18000.0,18247.4,18260.15159609257,18212.30476190476,18042.199999999997,18389.9725,43.65541707034495,-99.42761489378609,-87.15350360296024,12.267113677626115,16.638935108153078,Sell
09.6.2015,18000.0,18000.0,17999.0,18247.4,18235.375253607566,18188.742857142857,18002.799999999996,18377.32,43.65541707034495,-108.49793610980487,-87.25571153316758,12.126295617278007,16.638935108153078,Buy
08.6.2015,18000.0,18000.0,18000.0,18247.4,18212.958562787797,18165.180952380953,18002.799999999996,18365.9175,43.65541707034495,-114.36786941455648,-81.13330462530412,11.99553598981191,16.666666666666668,Buy
05.6.2015,18500.0,18500.0,18500.0,18247.4,18240.295842522293,18189.238095238095,18062.799999999996,18354.515,54.38279519239442,-77.77744258021994,84.48993562776815,12.11359256743587,100.0,Buy
04.6.2015,18500.0,18500.0,18500.0,18247.4,18265.029571805884,18213.295238095237,18122.799999999996,18343.137500000004,54.382795192394425,-48.2233766264726,84.48993562776815,12.223216532372405,100.0,Sell
03.6.2015,18000.0,18500.0,18000.0,18222.4,18239.788660205322,18189.733333333334,18167.799999999996,18330.510000000002,44.546633187413306,-64.40496738491856,-21.718435990550496,12.007989773610282,16.666666666666668,Sell
02.6.2015,18300.0,18300.0,18300.0,18212.4,18245.5230735191,18197.123809523808,18237.799999999996,18317.3825,50.349273950773416,-52.41726820837357,30.76961688564306,11.808136354759739,66.66666666666667,Sell
01.6.2015,18300.0,18300.0,18000.0,18202.4,18250.711352231567,18205.466666666667,18287.6,18303.754999999997,50.349273950773416,-42.427848418108624,-1.366120218579126,12.418759929674705,66.66666666666667,Sell
28.5.2015,17650.0,18370.0,17650.0,18159.9,18193.500747257134,18152.85714285714,18190.1,18288.0025,39.86666966464789,-85.9697235292333,-121.93412754029407,13.746028364540374,0.0,Sell
27.5.2015,17750.0,17900.0,17601.0,18122.4,18151.262580851693,18113.819047619047,18077.6,18270.375000000004,41.87176239245749,-111.12680831966645,-158.4142394821999,15.075835910926957,16.57397107897664,Sell
26.5.2015,17500.0,17501.0,17500.0,18097.4,18089.237573151535,18054.542857142857,18002.6,18252.7475,38.42247607318142,-149.51339260482564,-214.97447697407665,16.513575074412476,0.0,Buy
22.5.2015,17890.0,17890.0,17890.0,18082.05,18070.262566184723,18034.790476190476,17995.95,18235.110000000004,45.908425819064306,-146.7733843655078,-70.97129331461807,16.41578917523637,39.0,Buy
21.5.2015,17900.0,17900.0,17900.0,18077.05,18054.04708369094,18017.45238095238,17980.95,18218.4725,46.08940095838826,-142.15630230489842,-62.342399492506246,16.291344361627445,40.0,Buy
20.5.2015,17500.0,17501.0,17500.0,18042.05,18001.280694767993,17962.495238095238,17815.95,18203.335,40.28359876112749,-168.82774738784065,-161.74570466542735,17.088855108009387,0.0,Buy
19.5.2015,17501.0,17501.0,17501.0,18007.1,17953.634914313898,17910.966666666667,17651.1,18187.95,40.30384443456619,-187.72044370766162,-141.77427341637127,17.829400801078332,0.1,Buy
18.5.2015,18000.0,18000.0,18000.0,18012.1,17958.050636760192,17910.290476190476,17646.1,18175.065000000002,49.503742597168724,-160.5768816367745,-9.114538761892238,16.895278346406602,50.0,Buy
15.5.2015,18500.0,18500.0,18000.0,18037.1,18009.66486183065,17956.757142857143,17661.1,18164.677499999998,56.70386568453583,-97.59458221785826,73.10520815300653,16.55544830982839,100.0,Buy
14.5.2015,18500.0,18500.0,18500.0,18057.05,18056.363446418207,18000.842857142856,17681.149999999998,18155.16,56.70386568453583,-47.13728686437025,104.79080901870078,16.239891847291478,100.0,Buy
13.5.2015,18500.0,18500.0,18400.0,18064.55,18098.61454675933,18043.02857142857,17843.649999999998,18145.267499999998,56.70386568453583,-7.068040796944842,93.21859672824546,15.658120428679803,100.0,Sell
12.5.2015,17500.0,17500.0,17500.0,18014.55,18041.603637544158,17989.261904761905,17843.649999999998,18132.375000000004,41.811580101725546,-55.3662891395943,-123.466318372516,15.960714133375276,0.0,Sell
11.5.2015,17558.0,17558.0,17558.0,17992.45,17995.546148254238,17945.780952380952,17877.350000000002,18119.6275,42.75072234744014,-87.94906161159088,-98.05243904931197,16.090513597024938,5.8,Sell
08.5.2015,18100.0,18100.0,18100.0,17997.45,18005.494134134788,17956.02380952381,17914.350000000002,18107.129999999997,50.75009907785818,-69.23813905704083,21.30030507297947,14.941936091418132,60.0,Sell
07.5.2015,18100.0,18100.0,18100.0,18002.45,18014.494692788616,17965.790476190476,17949.350000000002,18094.8825,50.75009907785818,-53.78954572732982,19.895664687892967,13.875399836211812,60.0,Sell
06.5.2015,18100.0,18101.0,18100.0,17982.45,18022.638055380176,17975.08095238095,18089.350000000002,18081.635000000002,50.75009907785818,-41.07296068863798,25.852443034798743,12.885860156451105,60.0,Sell
05.5.2015,18500.0,18501.0,18500.0,17982.45,18068.10109772492,18024.371428571427,18289.149999999998,18068.3875,56.369512213990006,1.2670755745966744,117.77593920450963,12.838541739853275,99.9000999000999,Sell
04.5.2015,18500.0,19000.0,18500.0,18007.45,18109.234326513026,18073.661904761906,18364.149999999998,18057.64,56.369512213990006,34.42502905064248,138.8700084961773,13.677781550974933,66.66666666666667,Sell
30.4.2015,19050.0,19050.0,18999.0,18044.95,18198.83105732131,18172.95238095238,18436.649999999998,18049.267499999998,63.08608563472118,103.88581848001559,187.054031350546,14.537727285176791,100.0,Sell
29.4.2015,18500.0,18500.0,18499.0,18054.95,18227.513813766902,18216.290476190476,18426.649999999998,18041.895,54.11473346498728,113.24813705311317,79.3737650098801,14.089361058198582,64.51612903225806,Sell
28.4.2015,18400.0,18499.0,18000.0,18092.45,18243.941069598623,18249.152380952382,18369.149999999998,18038.5225,52.648732559359146,111.31550189467816,39.05268216222295,13.49710973853893,58.064516129032256,Sell
27.4.2015,18500.0,18500.0,18500.0,18129.95,18268.327634398756,18287.966666666667,18531.649999999998,18038.9,53.991021431972754,116.50998429881292,68.07676818676316,12.945044805993536,64.51612903225806,Sell
24.4.2015,18500.0,18500.0,18500.0,18179.95,18290.391669217923,18323.209523809524,18670.05,18043.027500000004,53.991021431972754,119.251986361327,61.084432840691704,12.432413082915671,64.51612903225806,Sell
23.4.2015,18500.0,18500.0,18500.0,18210.45,18310.354367387645,18353.690476190477,18719.55,18049.4475,53.991021431972754,120.04128157997548,55.519991776200406,11.956397911486224,64.51612903225806,Sell
22.4.2015,19000.0,19000.0,19000.0,18265.45,18376.034903826916,18428.885714285716,18844.55,18058.8675,60.9108408978938,159.17772334296023,133.56071923540725,11.815361881540374,96.7741935483871,Sell
21.4.2015,19000.0,19000.0,19000.0,18340.45,18435.460151081494,18498.842857142856,18949.55,18073.7875,60.9108408978938,188.02618656646155,126.89837096784409,11.684399853733513,96.64879356568365,Sell
20.4.2015,19500.0,19500.0,19000.0,18440.4,18536.844898597545,18609.27619047619,19049.6,18095.452500000003,66.7164885843856,248.37155021374565,177.92766335134547,12.50970851135283,100.0,Sell
17.4.2015,19500.0,19501.0,19500.0,18515.4,18628.57395587397,18710.190476190477,19174.6,18120.6175,66.7164885843856,292.8202362597549,188.5464159664392,13.277805155256361,99.93337774816789,Sell
16.4.2015,20000.0,20000.0,19400.0,18590.4,18759.185960076447,18851.58095238095,19289.6,18148.2825,71.60719905974072,364.1937625207611,189.23441102312384,14.789057596532365,100.0,Sell
15.4.2015,19000.0,19000.0,18000.0,18615.4,18782.120630545356,18890.590476190475,19364.6,18176.2,54.39258791365811,336.19075588740816,13.092829849404533,14.206649500896342,50.0,Sell
14.4.2015,18000.0,18000.0,17500.0,18590.4,18707.632951445798,18831.980952380953,19309.6,18202.4925,43.20658034859123,230.6477648682594,-103.72376373361145,14.367057155326318,20.0,Sell
09.4.2015,17500.0,17502.0,17499.0,18590.4,18592.62028940334,18728.133333333335,19109.6,18231.285,38.89904354254376,105.44288284621143,-151.95510499638002,14.51735831924174,0.03998400639744103,Sell
08.4.2015,17500.0,18000.0,17500.0,18587.5,18488.56121422207,18624.285714285714,18912.5,18261.037500000002,38.89904354254376,6.146261514451908,-129.87952864118793,13.756087778704115,0.03998400639744103,Buy
07.4.2015,18000.0,18000.0,18000.0,18582.5,18442.03157477235,18568.333333333332,18817.5,18290.29,45.2315928407435,-31.83423966016926,-79.71487096244333,13.049193705347749,20.031987205117954,Buy
06.4.2015,18000.0,18001.0,18000.0,18577.5,18399.933329555937,18512.85714285714,18622.5,18319.042500000003,45.231592840743495,-61.22825921680851,-78.26599229840807,12.39092179751708,20.031987205117954,Buy
03.4.2015,18020.0,18300.0,18020.0,18573.5,18363.74920293156,18459.761904761905,18430.5,18348.595,45.49365660617419,-81.96456218321327,-62.192525676803506,11.788911361126688,20.831667333066772,Buy
02.4.2015,18300.0,18400.0,18300.0,18563.5,18357.67785027141,18433.714285714286,18200.5,18377.6475,49.16127573668914,-74.94070197531619,-28.927963698241644,11.410527659360207,32.02718912435026,Buy
01.4.2015,18600.0,18601.0,18600.0,18568.5,18380.756150245565,18437.190476190477,18015.5,18405.700000000004,52.82401547627019,-44.65202857054828,9.48424219021812,11.419334013162162,44.022391043582566,Buy
31.3.2015,18900.0,18900.0,18900.0,18561.0,18430.20794546027,18468.761904761905,17803.0,18431.502500000002,56.22077040827068,3.518892513759056,54.22013987913332,11.92997114716853,56.017592962814874,Buy
30.3.2015,19299.0,19300.0,19299.0,18600.95,18512.950045892627,18539.04761904762,17822.850000000002,18458.8025,60.31357957541979,73.04860114091207,97.71797088196266,13.001979172098533,71.97121151539385,Buy
27.3.2015,19300.0,19550.0,19300.0,18645.95,18587.90718437904,18605.623809523808,18037.850000000002,18486.4775,60.32359103795599,126.77075347111531,96.01956187451155,14.335090510917528,72.01119552179128,Buy
26.3.2015,19500.0,19600.0,19500.0,18695.95,18674.773166819134,18686.961904761905,18387.850000000002,18514.7775,62.368267018536805,183.37049386120634,100.76184451499266,15.640068715619192,80.00799680127949,Buy
25.3.2015,19600.0,19601.0,19600.0,18750.95,18762.890008074457,18773.061904761904,18752.850000000002,18543.3275,63.38431447809571,233.60253554733572,95.81856968897907,16.853258904465484,99.95242626070409,Sell
24.3.2015,19900.0,20000.0,19900.0,18820.95,18871.18619778165,18882.495238095238,19062.850000000002,18573.8525,66.32204170727508,294.22761053735303,116.5270627664961,18.52275171880434,96.0015993602559,Sell
23.3.2015,19900.0,20000.0,19800.0,18865.95,18969.16846465959,18985.261904761905,19397.850000000002,18603.877500000002,66.32204170727508,338.37286746073005,102.09727843268185,19.777003085336588,96.0015993602559,Sell
20.3.2015,19600.0,19600.0,19600.0,18895.95,19029.247658501536,19055.17142857143,19683.850000000002,18631.6525,60.676160246390545,345.1718822302064,67.51913316277813,20.360005803079265,84.0,Sell
19.3.2015,19600.0,20000.0,19600.0,18900.95,19083.605024358534,19122.22380952381,19938.850000000002,18654.68,60.676160246390545,346.56516295010806,76.15747416418212,21.489032418717326,80.0,Sell
18.3.2015,20000.0,20000.0,19850.0,18925.95,19170.880736324387,19226.89523809524,20193.850000000002,18675.2075,65.25051967090413,375.6161360161241,91.06917129670477,22.53741427609552,100.0,Sell
17.3.2015,20000.0,20000.0,20000.0,18925.95,19249.844475722064,19329.185714285715,20413.850000000002,18691.985,65.25051967090413,394.09634413319145,93.36176632721171,23.51091171508956,100.0,Sell
16.3.2015,20000.0,20000.0,20000.0,18975.95,19321.28785898663,19431.47619047619,20504.05,18710.012500000004,65.25051967090413,404.0840132376361,83.84487905572762,24.41487362272688,100.0,Sell
13.3.2015,20000.0,20000.0,20000.0,19075.95,19385.927110511715,19529.004761904762,20544.05,18734.29,65.25051967090414,407.30416409453755,77.67077099683607,25.254266822675824,100.0,Sell
12.3.2015,20000.0,20000.0,20000.0,19200.95,19444.410242843933,19617.009523809524,20519.05,18764.817499999997,65.25051967090414,405.18543141439295,73.82353151939473,26.033703365485557,100.0,Sell
11.3.2015,20000.0,20000.0,20000.0,19325.95,19497.32355304927,19693.109523809522,20474.05,18801.739999999998,65.25051967090414,398.9079578739438,70.97715995783823,26.757465869523166,100.0,Sell
10.3.2015,20000.0,20000.0,20000.0,19425.95,19545.19750037791,19757.30476190476,20394.05,18843.9125,65.25051967090414,389.44374973970116,67.66112846973971,27.429531051843803,100.0,Sell
09.3.2015,20000.0,20000.0,20000.0,19525.95,19588.512024151445,19811.97619047619,20314.05,18891.335,65.25051967090414,377.59066644660925,65.44671689989286,28.053591578284394,100.0,Sell
06.3.2015,20250.0,20250.0,20250.0,19637.45,19651.510878994162,19880.933333333334,20332.55,18944.5325,69.28988632876039,383.9440551321204,100.95478798090433,29.189606358580246,100.0,Sell
05.3.2015,20700.0,20700.0,20700.0,19757.45,19751.366985756624,19982.128571428573,20432.55,19004.23,74.93730430273641,420.44378637994305,177.13288931176666,31.01039191706755,100.0,Buy
04.3.2015,21100.0,21100.0,21100.0,19882.45,19879.808225208373,20109.990476190476,20527.55,19069.927499999998,78.68883026833743,476.15789164385205,250.48425710027428,33.20223799392045,100.0,Buy
03.3.2015,21100.0,21100.0,21100.0,19992.45,19996.01696566472,20225.94761904762,20637.55,19141.5,78.68883026833743,514.3822431566696,233.15461373162228,35.237523636712424,100.0,Sell
02.3.2015,21100.0,21100.0,21100.0,20082.5,20101.158207029985,20331.428571428572,20767.5,19215.577500000003,78.68883026833743,538.4681910011095,177.43573911956994,37.12743173359069,100.0,Sell
27.2.2015,20500.0,20500.0,20500.0,20142.5,20139.1431396938,20371.190476190477,20807.5,19290.405000000002,61.454972218631546,503.33931035500063,60.604748752492874,36.28575591825266,52.0,Buy
26.2.2015,20500.0,20500.0,20000.0,20192.5,20173.51045972296,20405.238095238095,20857.5,19365.232500000002,61.45497221863155,470.080622551297,25.45668234210869,34.00108312163377,45.45454545454545,Buy
25.2.2015,20500.0,20500.0,20500.0,20237.5,20204.604701654105,20434.52380952381,20912.5,19439.56,61.45497221863155,438.66620193527706,47.70477047704779,31.87960123905908,45.45454545454545,Buy
24.2.2015,20000.0,20000.0,20000.0,20242.5,20185.11853959181,20411.904761904763,20907.5,19510.6375,50.04674713532459,369.16867920836376,-43.21547295255411,30.509497194549393,0.0,Buy
23.2.2015,20300.0,20300.0,20300.0,20262.5,20196.059631059255,20417.380952380954,20947.5,19580.465,55.3968542570234,334.4436265965851,7.788161993769023,28.47030982739006,27.272727272727273,Buy
20.2.2015,20300.0,20300.0,20300.0,20297.5,20205.958713815515,20420.95238095238,20922.5,19650.542500000003,55.3968542570234,303.4260654153113,1.3495276653166486,26.576778700742114,27.272727272727273,Buy
19.2.2015,20300.0,20300.0,20300.0,20332.5,20214.915026785464,20421.190476190477,20807.5,19722.120000000003,55.3968542570234,275.6667104679873,-4.687218316207233,24.818499797426163,27.272727272727273,Buy
18.2.2015,20400.0,20400.0,20000.0,20352.5,20232.542167091608,20427.619047619046,20647.5,19793.447500000002,57.30078602183416,258.75363510506577,-15.873015873015603,23.93049992152925,36.36363636363637,Buy
17.2.2015,20000.0,20000.0,19950.0,20352.5,20210.395294035265,20394.04761904762,20427.5,19864.775,48.40090766213396,210.64505885086692,-79.04548844146238,23.223139496664853,4.3478260869565215,Buy
16.2.2015,20800.0,20800.0,20800.0,20392.5,20266.548123174765,20436.666666666668,20327.5,19935.6025,61.33545142339825,234.37030470469108,89.21671935370559,22.549585628617592,73.91304347826087,Buy
13.2.2015,20800.0,20800.0,20800.0,20432.5,20317.35306382479,20475.47619047619,20347.5,20003.43,61.33545142339825,250.28757362486795,78.23129251700666,21.924142751145133,73.91304347826087,Buy
12.2.2015,21000.0,21000.0,21000.0,20482.5,20382.36705774624,20529.52380952381,20397.5,20067.5075,63.95520806860091,275.8605042760064,104.57516339869264,21.75019068360992,91.30434782608695,Buy
11.2.2015,21300.0,21301.0,21300.0,20547.5,20469.760671294218,20607.380952380954,20492.5,20128.585,67.51117677338235,316.6841906348636,140.51331736833427,22.144896199970592,99.9259807549963,Buy
10.2.2015,21500.0,21500.0,21500.0,20622.5,20567.87870259953,20698.095238095237,20717.5,20188.4125,69.66010959584119,361.0140395982453,151.1463792575923,22.846085407262954,100.0,Buy
09.2.2015,21500.0,21500.0,21500.0,20697.5,20656.65215949481,20781.666666666668,20882.5,20246.989999999998,69.66010959584119,391.6312826368121,133.59726813871526,23.497189671177292,100.0,Buy
06.2.2015,21690.0,21690.0,21260.0,20769.5,20755.066239542924,20876.190476190477,21088.5,20303.5925,71.7209601090038,426.31281171105366,124.58059242536261,23.322583738789568,100.0,Buy
05.2.2015,21500.0,21500.0,21500.0,20809.5,20826.012311967406,20945.761904761905,21288.5,20356.195,66.83215597526976,433.46998905741566,103.50876556687496,23.160449658715255,89.08045977011494,Sell
04.2.2015,21500.0,21550.0,21500.0,20829.5,20890.201615589558,21011.52380952381,21488.5,20403.5475,66.83215597526976,434.1376352512016,98.56719853905935,23.12032465155924,89.08045977011494,Sell
03.2.2015,21500.0,21500.0,21500.0,20849.5,20948.277652200075,21075.380952380954,21768.5,20446.4,66.83215597526976,429.713282437202,89.37356129027991,23.08306571634294,89.08045977011494,Sell
02.2.2015,21500.0,21700.0,21500.0,20869.5,21000.822637704827,21137.333333333332,21888.5,20485.75,66.83215597526976,421.34989168620814,90.5016363776171,23.508891030677564,88.57142857142857,Sell
30.1.2015,21999.0,22000.0,21999.0,20944.45,21095.887148399604,21244.904761904763,22053.350000000002,20525.8475,73.26881415785165,449.80193720396346,126.17096076069572,24.50527291112977,99.95121951219512,Sell
29.1.2015,22000.0,22000.0,22000.0,21019.45,21181.993134266308,21345.433333333334,22178.350000000002,20567.195,73.28000502433001,467.0472499349271,113.132985149881,25.430484657263957,100.0,Sell
28.1.2015,22000.0,22000.0,22000.0,21094.45,21259.898550050468,21438.819047619047,22243.350000000002,20610.0425,73.28000502433001,475.23605905536533,101.68049115075796,26.289609850102845,100.0,Sell
27.1.2015,21999.0,21999.0,21800.0,21194.4,21330.289164331378,21524.966666666667,22243.199999999997,20657.6375,73.2444427494308,476.1562250721727,88.0373197227949,26.205079745224644,99.91666666666667,Sell
26.1.2015,21800.0,22000.0,21800.0,21269.4,21375.023529633152,21582.64285714286,22228.199999999997,20707.982500000002,66.34448212314446,455.5762272212669,75.54929828432674,26.129174709325437,80.0,Sell
23.1.2015,22000.0,22200.0,22000.0,21354.4,21434.54509823952,21652.22380952381,22205.199999999997,20760.8275,69.45851820276928,450.2149613583533,96.29042170979481,26.56312134682295,78.72340425531915,Sell
22.1.2015,21600.0,21601.0,21600.0,21419.4,21450.30270793099,21675.614285714284,22160.199999999997,20815.1725,57.91644248780093,408.97505264685606,28.99422274306615,25.371329453043497,36.170212765957444,Sell
21.1.2015,21800.0,22000.0,21800.0,21489.4,21483.607211937564,21711.861904761903,22150.199999999997,20872.017499999998,61.37270988013475,387.9583144524149,69.7566807968826,25.25315207599012,57.4468085106383,Buy
20.1.2015,21700.0,21700.0,21700.0,21574.4,21504.216048895894,21731.91904761905,22105.199999999997,20933.1125,58.773558568669884,359.09382367953367,28.71707864992071,24.79173884860785,46.808510638297875,Buy
16.1.2015,21700.0,21700.0,21510.0,21619.4,21522.862139477238,21743.880952380954,22100.199999999997,20994.4575,58.773558568669884,332.3869568497321,4.473074502136285,23.72436218637739,28.571428571428573,Buy
15.1.2015,21700.0,21700.0,21501.0,21664.4,21539.73241190798,21751.557142857142,21995.4,21056.052499999998,58.773558568669884,307.67488788792616,-8.722440413108142,22.703203448233698,28.571428571428573,Buy
14.1.2015,21501.0,21700.0,21501.0,21689.45,21536.043610773886,21735.995238095238,21870.55,21116.4,53.17622845138523,268.93266989348194,-42.77959876327997,21.754984619957412,0.14285714285714285,Buy
13.1.2015,21500.0,21500.0,21500.0,21699.45,21532.610885938277,21717.95238095238,21760.55,21173.9975,53.14883641609694,235.43454844606094,-72.7802037845706,20.87064353550502,0.0,Buy
12.1.2015,21500.0,21500.0,21500.0,21699.45,21529.50508727749,21698.957142857143,21660.749999999996,21227.845,53.14883641609694,206.5065667029703,-72.7802037845706,20.049469671370655,0.0,Buy
09.1.2015,21500.0,21700.0,21500.0,21699.45,21526.695078965346,21679.961904761905,21600.749999999996,21277.9425,53.14883641609694,181.4888423549346,-50.374738911414745,19.951030180881496,0.0,Buy
08.1.2015,21710.0,21710.0,21710.0,21700.45,21544.152690492454,21680.966666666667,21541.749999999996,21324.489999999998,58.725358490487295,176.57194900697868,-0.5709391949757316,19.891535550954043,30.0,Buy
05.1.2015,22000.0,22499.0,22000.0,21725.45,21587.566719969363,21709.495238095238,21596.749999999996,21370.2875,64.93273788670714,193.84136932973342,144.866022843134,21.674842136188886,50.050050050050054,Buy
02.1.2015,22000.0,22000.0,21710.0,21750.45,21626.84607997228,21735.64285714286,21611.749999999996,21416.335,64.93273788670714,205.16252349337447,48.21913695193302,22.173202165000884,50.050050050050054,Buy
30.12.2014,22000.0,22000.0,22000.0,21775.45,21662.38454854635,21759.409523809525,21646.749999999996,21462.6325,64.93273788670714,211.6943391658133,73.58869208620492,22.635965048897738,50.050050050050054,Buy
29.12.2014,22000.0,22200.0,22000.0,21800.45,21694.538401065747,21780.795238095237,21681.749999999996,21509.18,64.93273788670714,214.39938746569533,88.0148017764455,23.48424367766637,50.050050050050054,Buy
26.12.2014,22000.0,22000.0,22000.0,21800.5,21723.629981916627,21799.8,21741.699999999997,21551.982500000002,64.93273788670714,214.07542943892622,64.75632882902471,24.27193097580867,50.050050050050054,Buy
25.12.2014,22000.0,22000.0,22000.0,21800.5,21749.950936019806,21818.8,21841.5,21591.035,64.93273788670714,211.3820101366,64.75632882902471,25.003354895512228,50.050050050050054,Buy
24.12.2014,22000.0,22000.0,22000.0,21800.5,21773.76513258935,21837.8,21941.5,21626.3375,64.93273788670714,206.86286954204843,64.75632882902471,25.682534249522682,50.050050050050054,Buy
23.12.2014,22200.0,22200.0,22200.0,21810.55,21814.358929485603,21875.847619047618,22071.45,21657.145,70.13622483011649,216.91923665980357,122.11775699402462,26.778550585787652,70.07007007007007,Sell
22.12.2014,22200.0,22200.0,22200.0,21830.55,21851.086650486974,21912.938095238096,22191.45,21685.2025,70.13622483011649,222.3261426733152,108.63862022285485,27.796280040890842,70.07007007007007,Sell
19.12.2014,22000.0,22000.0,21500.0,21830.55,21865.26887425012,21929.07619047619,22249.45,21709.010000000002,59.83847183940245,208.07427538848424,0.25127575910658584,25.843664015481263,50.050050050050054,Sell
18.12.2014,22000.0,22000.0,22000.0,21850.55,21878.100410035822,21945.214285714286,22229.45,21730.567499999997,59.83847183940245,194.53706568796042,48.545500433442136,24.030520563315225,50.050050050050054,Sell
17.12.2014,21700.0,22400.0,21700.0,21845.55,21861.13846622289,21930.876190476192,22174.45,21748.375,47.66397617913288,157.78241916261322,25.12948605659439,23.48529051028989,20.02002002002002,Sell
16.12.2014,22100.0,22100.0,21551.0,21865.55,21883.88718372547,21955.109523809522,22174.45,21762.932500000003,59.496691268330075,159.0967853417569,16.87869938348257,22.47722304396284,60.06006006006006,Sell
15.12.2014,22000.0,22000.0,21600.0,21880.55,21894.94554718019,21967.914285714287,22159.45,21775.989999999998,56.08288611083373,150.33628265769948,-4.166516359438437,21.541160396659155,50.050050050050054,Sell
12.12.2014,22000.0,22100.0,21999.0,21895.55,21904.950733163027,21979.290476190476,22144.45,21787.5475,56.08288611083373,141.7594069632687,51.556609335514274,20.96241466393432,55.55555555555556,Sell
11.12.2014,22150.0,22150.0,21560.0,21928.0,21928.288758576073,22003.52380952381,22142.0,21799.475,60.0687248228463,145.38995270736996,15.490645119473962,19.92320627275191,72.22222222222223,Sell
10.12.2014,22000.0,22000.0,21300.0,21953.0,21935.118400616448,22010.380952380954,22117.0,21812.1525,54.720376438600425,134.61171985494002,-79.13512992334832,19.62945514692559,63.63636363636363,Buy
09.12.2014,21500.0,21500.0,21400.0,21953.0,21893.67855293869,21967.238095238095,21977.0,21824.829999999998,41.46675051355161,84.74715884685793,-219.7801327440647,19.356686244372582,18.181818181818183,Buy
05.12.2014,21500.0,21800.0,21500.0,21953.0,21856.18535742072,21924.095238095237,21837.0,21837.5075,41.46675051355161,44.71370325537646,-159.48352054508382,18.12353162497978,18.181818181818183,Buy
04.12.2014,22000.0,22000.0,22000.0,21967.5,21869.881990047317,21928.571428571428,21822.5,21850.86,54.30310474354365,52.72494228478172,28.580637293333275,17.251085000694378,63.63636363636363,Buy
02.12.2014,22000.0,22000.0,22000.0,21967.5,21882.27418147138,21931.666666666668,21822.5,21862.9625,54.30310474354365,58.40070001682034,34.739454094293016,16.440955992429362,63.63636363636363,Buy
01.12.2014,22100.0,22700.0,22100.0,21972.5,21903.0099737122,21944.285714285714,21897.5,21874.065,56.51506464488911,70.15919168703476,173.6234083818209,17.310822015450462,57.142857142857146,Buy
28.11.2014,22360.0,22800.0,22360.0,21990.5,21946.53283335866,21981.190476190477,21931.5,21884.817499999997,61.70530217682906,99.31289095358807,229.99342249506864,18.301101069741527,70.66666666666667,Buy
27.11.2014,22400.0,22400.0,22310.0,22010.5,21989.720182562596,22020.190476190477,21991.5,21895.32,62.447900484150544,124.21322068147492,151.3367174280874,19.043429905399677,73.33333333333333,Buy
26.11.2014,23000.0,23000.0,23000.0,22060.5,22085.937308032826,22114.428571428572,22141.5,21908.32,71.40521911799055,190.16973860865983,277.0185131336609,20.733144311283052,100.0,Sell
25.11.2014,23000.0,23000.0,23000.0,22110.5,22172.990897743985,22203.904761904763,22261.5,21923.82,71.40521911799055,239.6778966586353,207.84404021797417,22.3021648310319,100.0,Sell
24.11.2014,23000.0,23000.0,23000.0,22160.5,22251.753669387414,22288.619047619046,22411.5,21941.82,71.40521911799055,275.73496753358995,167.2879471584585,23.759112456512973,100.0,Sell
21.11.2014,23300.0,23300.0,23300.0,22215.5,22351.58665325528,22397.14285714286,22716.5,21962.067499999997,75.11245271933812,324.77415448651664,180.22603508195752,25.559174690184932,100.0,Sell
20.11.2014,23490.0,23500.0,23200.0,22280.0,22460.006971992872,22518.52380952381,23050.0,21984.54,77.13436998746243,374.6507350965185,158.36125069793425,27.495836440769697,99.54545454545455,Sell
19.11.2014,23610.0,23610.0,23610.0,22360.5,22569.53011751736,22645.190476190477,23291.5,22011.0375,78.33171197297513,419.03095369299626,156.14535532680122,29.433790913227742,100.0,Sell
18.11.2014,23610.0,23620.0,23610.0,22441.0,22668.62248727761,22764.190476190477,23533.0,22040.56,78.33171197297513,449.0264987051305,131.88244047619054,31.24637234248485,99.54954954954955,Sell
17.11.2014,23620.0,23620.0,23620.0,22537.0,22759.22986944165,22876.47619047619,23741.0,22075.1325,78.44081967410827,468.2078915356615,114.7847785402371,32.929483669652164,100.0,Sell
14.11.2014,24000.0,24001.0,23300.0,22632.0,22877.39845330435,23015.809523809523,23974.0,22113.454999999998,82.12432664230332,508.21373615746415,113.07127345484716,34.980012267245804,99.95002498750625,Sell
13.11.2014,23280.0,23500.0,23280.0,22696.0,22915.74145775156,23077.52380952381,24086.0,22154.2275,60.89470099085332,476.32983965138556,65.42740046838374,36.786307423323265,63.968015992004,Sell
12.11.2014,24000.0,24000.0,23999.0,22796.0,23019.004176060935,23201.714285714286,24186.0,22199.25,69.41053333840928,503.35721601099067,114.94469730915304,38.990475222679585,99.94739610731195,Sell
11.11.2014,23800.0,23800.0,23500.0,22878.5,23093.3847307218,23297.333333333332,24263.5,22246.775,65.16540546933521,502.8418303552862,79.89814547900454,39.045269102769296,88.11354228267298,Sell
10.11.2014,24000.0,24500.0,24000.0,22978.5,23179.729042081628,23404.14285714286,24363.5,22298.05,67.3179835912598,512.6620629001882,117.64901681770141,39.96033587500238,77.1689497716895,Sell
