Date,PoslednaCena,Max,Min,SMA_20,EMA_20,WMA_20,HMA_20,TMA_20,RSI,MACD,CCI,ADX,Stoch,Signal,Start Date,End Date
2014-11-10,15.0,15.0,15.0,,15.0,,,,,,,0.0,,Hold,2014-11-10,2014-11-16
2014-11-17,15.0,15.0,15.0,,15.0,,,,,,,0.0,,Hold,2014-11-17,2014-11-23
2014-11-24,16.0,16.0,16.0,,15.095238095238095,,,,,,,0.0,,Hold,2014-11-24,2014-11-30
2014-12-01,16.0,16.0,16.0,,15.18140589569161,,,,,,,0.0,,Hold,2014-12-01,2014-12-07
2014-12-08,16.0,16.0,16.0,,15.259367238959076,,,,,,,0.0,,Hold,2014-12-08,2014-12-14
2014-12-15,16.0,16.0,16.0,,15.329903692391545,,,,,,,0.0,,Hold,2014-12-15,2014-12-21
2014-12-22,16.0,16.0,16.0,,15.393722388354254,,,,,,,0.0,,Hold,2014-12-22,2014-12-28
2014-12-29,16.0,16.0,16.0,,15.451463113272897,,,,,,,0.0,,Hold,2014-12-29,2015-01-04
2015-01-05,16.0,16.0,16.0,,15.503704721532621,,,,,,,0.0,,Hold,2015-01-05,2015-01-11
2015-01-12,16.0,16.0,16.0,,15.550970938529515,,,,,,,0.0,,Hold,2015-01-12,2015-01-18
2015-01-19,16.0,16.0,16.0,,15.593735611050514,,,,,,,0.0,,Hold,2015-01-19,2015-01-25
2015-01-26,16.0,16.0,16.0,,15.632427457617132,,,,,,,0.0,,Hold,2015-01-26,2015-02-01
2015-02-02,16.0,16.0,16.0,,15.6674343664155,,,,,,,0.0,,Hold,2015-02-02,2015-02-08
2015-02-09,16.0,16.0,16.0,,15.699107283899739,,,,100.0,,,0.0,100.0,Sell,2015-02-09,2015-02-15
2015-02-16,16.0,16.0,16.0,,15.727763733052145,,,,100.0,,,0.0,100.0,Sell,2015-02-16,2015-02-22
2015-02-23,16.0,16.0,16.0,,15.753690996570988,,,,100.0,,,0.0,,Sell,2015-02-23,2015-03-01
2015-03-02,16.0,16.0,16.0,,15.77714899689756,,,,100.0,,,0.0,,Sell,2015-03-02,2015-03-08
2015-03-09,16.0,16.0,16.0,,15.798372901954936,,,,100.0,,,0.0,,Sell,2015-03-09,2015-03-15
2015-03-16,16.0,16.0,16.0,,15.817575482721132,,,,100.0,,,0.0,,Sell,2015-03-16,2015-03-22
2015-03-23,16.0,16.0,16.0,15.9,15.834949246271501,15.985714285714286,16.1,,100.0,,37.03703703703696,0.0,,Buy,2015-03-23,2015-03-29
2015-03-30,16.0,16.0,16.0,15.95,15.850668365674215,15.995238095238095,16.05,,100.0,,35.08771929824588,0.0,,Buy,2015-03-30,2015-04-05
2015-04-06,16.0,16.0,16.0,16.0,15.864890426086195,16.0,16.0,,100.0,,,0.0,,Buy,2015-04-06,2015-04-12
2015-04-13,16.0,16.0,16.0,16.0,15.877758004554176,16.0,16.0,,100.0,,,0.0,,Buy,2015-04-13,2015-04-19
2015-04-20,16.0,16.0,16.0,16.0,15.88940009935854,16.0,16.0,,100.0,,,0.0,,Buy,2015-04-20,2015-04-26
2015-04-27,16.0,16.0,16.0,16.0,15.899933423229154,16.0,16.0,,100.0,,,0.0,,Buy,2015-04-27,2015-05-03
2015-05-04,16.0,16.0,16.0,16.0,15.909463573397806,16.0,16.0,,100.0,0.1395532085356912,,0.0,,Buy,2015-05-04,2015-05-10
2015-05-11,16.0,16.0,16.0,16.0,15.918086090217063,16.0,16.0,,100.0,0.1306634882611597,,0.0,,Buy,2015-05-11,2015-05-17
2015-05-18,16.0,16.0,16.0,16.0,15.925887414958295,16.0,16.0,,100.0,0.12220956510292247,,100.0,,Buy,2015-05-18,2015-05-24
2015-05-25,16.0,16.0,16.0,16.0,15.932945756390838,16.0,16.0,,100.0,0.11419341943646444,,100.0,,Buy,2015-05-25,2015-05-31
2015-06-01,16.0,16.0,16.0,16.0,15.939331874829806,16.0,16.0,,100.0,0.10661161392073382,,100.0,,Buy,2015-06-01,2015-06-07
2015-06-08,16.0,16.0,16.0,16.0,15.945109791512682,16.0,16.0,,100.0,0.09945650573694742,,100.0,,Buy,2015-06-08,2015-06-14
2015-06-15,16.0,16.0,16.0,16.0,15.950337430416235,16.0,16.0,,100.0,0.09271724427401473,,100.0,,Buy,2015-06-15,2015-06-21
2015-06-22,15.0,15.0,15.0,15.95,15.859829103709927,15.904761904761905,15.850000000000001,,9.76829288781525,0.00660850957486403,-666.6666666666616,97.02131696559312,0.0,Buy,2015-06-22,2015-06-28
2015-06-29,14.0,14.0,14.0,15.85,15.68270252240422,15.719047619047618,15.549999999999999,,4.954183546984055,-0.140702989230169,-456.79012345678956,95.62604651413172,0.0,Buy,2015-06-29,2015-07-05
2015-07-06,14.0,14.0,14.0,15.75,15.522445139318105,15.542857142857143,15.25,,4.954183546984055,-0.2545145283027139,-274.5098039215686,94.3304382377747,0.0,Buy,2015-07-06,2015-07-12
2015-07-13,14.0,14.0,14.0,15.65,15.377450364144952,15.376190476190477,14.950000000000001,,4.954183546984055,-0.34078266258117296,-196.42857142857153,93.12737340972889,0.0,Buy,2015-07-13,2015-07-19
2015-07-20,14.0,14.0,14.0,15.55,15.246264615178767,15.219047619047618,14.649999999999999,,4.954183546984055,-0.40448809356764315,-153.0864197530866,92.01024178368634,0.0,Buy,2015-07-20,2015-07-26
2015-07-27,14.0,14.0,14.0,15.45,15.127572747066504,15.071428571428571,14.350000000000001,,4.954183546984055,-0.4497902050975817,-125.54112554112545,90.97290527378969,0.0,Buy,2015-07-27,2015-08-02
2015-08-03,14.0,14.0,14.0,15.35,15.020184866393503,14.933333333333334,14.049999999999999,15.87,4.954183546984055,-0.48015749811850306,-106.50887573964494,90.00966422888567,0.0,Buy,2015-08-03,2015-08-09
2015-08-10,14.0,14.0,14.0,15.25,14.923024402927457,14.804761904761905,13.75,15.8375,4.954183546984055,-0.49847765648966913,-92.5925925925926,89.1152261157605,0.0,Buy,2015-08-10,2015-08-16
2015-08-17,14.0,14.0,14.0,15.15,14.835117316934365,14.685714285714285,13.450000000000001,15.7975,4.954183546984055,-0.5071503998689035,-81.99643493761145,88.28467643928714,0.0,Buy,2015-08-17,2015-08-23
2015-08-24,13.0,13.0,13.0,15.0,14.660344239131092,14.480952380952381,13.0,15.747499999999999,2.6190306406672903,-0.5879378723185198,-133.33333333333334,88.24397293176662,0.0,Buy,2015-08-24,2015-08-30
2015-08-31,13.0,13.0,13.0,14.85,14.502216216356704,14.290476190476191,12.750000000000002,15.689999999999998,2.6190306406672903,-0.6445327538979218,-117.46031746031741,88.20617681764043,0.0,Buy,2015-08-31,2015-09-06
2015-09-07,13.0,13.0,13.0,14.7,14.359148005275113,14.114285714285714,12.7,15.625,2.6190306406672903,-0.6815283704755384,-105.91900311526476,88.17108042595181,0.0,Buy,2015-09-07,2015-09-13
2015-09-14,13.0,13.0,13.0,14.55,14.229705338106054,13.952380952380953,12.649999999999999,15.552499999999998,2.6190306406672903,-0.7027468350822144,-97.48427672955978,88.13849091938381,0.0,Buy,2015-09-14,2015-09-20
2015-09-21,13.0,13.0,13.0,14.4,14.112590544000717,13.804761904761905,12.6,15.4725,2.6190306406672903,-0.7113624773229752,-91.50326797385624,88.10822923471353,0.0,Buy,2015-09-21,2015-09-27
2015-09-28,13.0,13.0,13.0,14.25,14.006629539810174,13.67142857142857,12.55,15.385,2.6190306406672903,-0.7100059294794345,-87.71929824561404,88.08012909894828,0.0,Buy,2015-09-28,2015-10-04
2015-10-05,13.0,13.0,13.0,14.1,13.910760059828252,13.552380952380952,12.500000000000002,15.289999999999997,2.6190306406672903,-0.7008518714313112,-86.27450980392156,88.05403611573767,0.0,Buy,2015-10-05,2015-10-11
2015-10-12,13.0,13.0,13.0,13.95,13.824021006511277,13.447619047619048,12.45,15.1875,2.6190306406672903,-0.6856929727163283,-83.33333333333326,88.02980691704212,0.0,Buy,2015-10-12,2015-10-18
2015-10-19,13.0,13.0,13.0,13.8,13.745542815414964,13.357142857142858,12.399999999999999,15.077499999999997,2.6190306406672903,-0.6660021777377363,-74.07407407407415,88.00730837539625,0.0,Buy,2015-10-19,2015-10-25
2015-10-26,13.0,13.0,13.0,13.65,13.674538737756397,13.280952380952382,12.35,14.959999999999999,2.6190306406672903,-0.6429851483073552,-66.6666666666667,87.98641687243936,0.0,Sell,2015-10-26,2015-11-01
2015-11-02,13.0,13.0,13.0,13.5,13.61029695320817,13.219047619047618,12.5,14.834999999999999,2.6190306406672903,-0.6176243970635262,-60.6060606060606,87.96701761969369,0.0,Sell,2015-11-02,2015-11-08
2015-11-09,13.0,13.0,13.0,13.4,13.55217343385501,13.17142857142857,12.6,14.7075,2.6190306406672903,-0.5907164079458429,-55.55555555555559,87.94900402785842,0.0,Sell,2015-11-09,2015-11-15
2015-11-16,13.0,13.0,13.0,13.35,13.49958548777358,13.133333333333333,12.65,14.582500000000001,2.6190306406672903,-0.562902839173347,-51.28205128205124,87.93227712115424,0.0,Sell,2015-11-16,2015-11-22
2015-11-23,13.0,13.0,13.0,13.3,13.452005917509428,13.1,12.7,14.460000000000003,2.6190306406672903,-0.5346967344179898,-47.619047619047706,87.91674499350036,,Sell,2015-11-23,2015-11-29
2015-11-30,13.0,13.0,13.0,13.25,13.408957734889484,13.071428571428571,12.75,14.34,2.6190306406672903,-0.5065045243171493,-44.44444444444444,87.90232230353604,,Sell,2015-11-30,2015-12-06
2015-12-07,13.0,13.0,13.0,13.2,13.370009379185724,13.047619047619047,12.8,14.2225,2.6190306406672903,-0.4786444790892297,-41.66666666666657,87.88892980571202,,Sell,2015-12-07,2015-12-13
2015-12-14,13.0,13.0,13.0,13.15,13.334770390691848,13.028571428571428,12.85,14.107499999999998,2.6190306406672903,-0.4513621703882773,-39.21568627450986,87.87649391487545,,Sell,2015-12-14,2015-12-20
2015-12-21,13.0,13.0,13.0,13.1,13.302887496340244,13.014285714285714,12.9,13.995000000000001,2.6190306406672903,-0.42484341376629686,-37.03703703703696,87.86494630195577,,Sell,2015-12-21,2015-12-27
2015-12-28,13.0,13.0,13.0,13.05,13.274041068117363,13.004761904761905,12.95,13.885000000000002,2.6190306406672903,-0.3992250897602858,-35.08771929824588,87.85422351853035,,Sell,2015-12-28,2016-01-03
2016-01-04,12.0,12.0,12.0,12.95,13.152703823534756,12.904761904761905,12.850000000000001,13.775,0.8948232875250994,-0.4543762593879368,-666.6666666666616,88.41465030467285,0.0,Sell,2016-01-04,2016-01-10
2016-01-11,12.0,12.0,12.0,12.9,13.042922507007635,12.814285714285715,12.700000000000001,13.669999999999998,0.8948232875250994,-0.492407788191505,-333.333333333334,88.93504660609088,0.0,Sell,2016-01-11,2016-01-17
2016-01-18,12.0,12.0,12.0,12.85,12.943596553959289,12.728571428571428,12.549999999999999,13.570000000000002,0.8948232875250994,-0.5165930852519462,-222.22222222222194,89.4182717431219,0.0,Sell,2016-01-18,2016-01-24
2016-01-25,12.0,12.0,12.0,12.8,12.853730215486975,12.647619047619047,12.399999999999999,13.475,0.8948232875250994,-0.5296545791283389,-166.66666666666703,89.86698079893644,0.0,Sell,2016-01-25,2016-01-31
2016-02-01,12.0,12.0,12.0,12.75,12.772422575916787,12.571428571428571,12.25,13.385,0.8948232875250994,-0.533851993656814,-133.33333333333334,90.28363920790707,0.0,Sell,2016-02-01,2016-02-07
2016-02-08,12.0,12.0,12.0,12.7,12.698858521067569,12.5,12.100000000000001,13.3,0.8948232875250994,-0.5310567828895856,-111.11111111111093,90.67053630195123,0.0,Buy,2016-02-08,2016-02-14
2016-02-15,12.0,12.0,12.0,12.65,12.63230056668018,12.433333333333334,11.950000000000001,13.219999999999999,0.8948232875250994,-0.5228148737940135,-95.23809523809531,91.02979788927794,0.0,Buy,2016-02-15,2016-02-21
2016-02-22,12.0,12.0,12.0,12.6,12.572081465091593,12.371428571428572,11.799999999999999,13.145,0.8948232875250994,-0.5103995333482629,-83.33333333333327,91.36339793465277,0.0,Buy,2016-02-22,2016-02-28
2016-02-29,12.0,12.0,12.0,12.55,12.51759751603525,12.314285714285715,11.649999999999999,13.075,0.8948232875250994,-0.49485589586685563,-74.07407407407419,91.67316940535795,0.0,Buy,2016-02-29,2016-03-06
2016-03-07,12.0,12.0,12.0,12.5,12.468302514508084,12.261904761904763,11.5,13.01,0.8948232875250994,-0.47703844888436464,-66.66666666666667,91.96081434244134,0.0,Buy,2016-03-07,2016-03-13
2016-03-14,12.0,12.0,12.0,12.45,12.423702275031124,12.214285714285714,11.55,12.95,0.8948232875250994,-0.4576425750503965,-60.606060606060524,92.22791321259021,0.0,Buy,2016-03-14,2016-03-20
2016-03-21,12.0,12.0,12.0,12.4,12.383349677409111,12.17142857142857,11.6,12.895,0.8948232875250994,-0.43723107760155777,-55.55555555555559,92.47593359201414,0.0,Buy,2016-03-21,2016-03-27
2016-03-28,12.0,12.0,12.0,12.35,12.346840184322529,12.133333333333333,11.65,12.842500000000001,0.8948232875250994,-0.41625647330287663,-51.28205128205124,92.70623823005066,0.0,Buy,2016-03-28,2016-04-03
2016-04-04,12.0,12.0,12.0,12.3,12.313807785815621,12.1,11.7,12.79,0.8948232875250994,-0.3950797152534502,-47.619047619047706,92.92009253679885,,Sell,2016-04-04,2016-04-10
2016-04-11,12.0,12.0,12.0,12.25,12.283921330023658,12.071428571428571,11.75,12.7375,0.8948232875250994,-0.3739859052118373,-44.44444444444444,93.11867153592218,,Sell,2016-04-11,2016-04-17
2016-04-18,12.0,12.0,12.0,12.2,12.256881203354737,12.047619047619047,11.8,12.685,0.8948232875250994,-0.3531974682252539,-41.66666666666657,93.3030663208224,,Sell,2016-04-18,2016-04-24
2016-04-25,12.0,12.0,12.0,12.15,12.232416326844762,12.028571428571428,11.85,12.632499999999999,0.8948232875250994,-0.3328851888970146,-39.21568627450986,93.47429004965832,,Sell,2016-04-25,2016-05-01
2016-05-02,12.0,12.0,12.0,12.1,12.210281438573832,12.014285714285714,11.9,12.580000000000002,0.8948232875250994,-0.31317744652990953,-37.03703703703696,93.63328351214884,,Sell,2016-05-02,2016-05-08
2016-05-09,12.0,12.0,12.0,12.05,12.190254634900134,12.004761904761905,11.95,12.5275,0.8948232875250994,-0.2941679338886747,-35.08771929824588,93.78092029874715,,Sell,2016-05-09,2016-05-15
2016-05-16,12.0,12.0,12.0,12.0,12.172135145862025,12.0,12.0,12.475,0.8948232875250994,-0.2759220999516536,,93.91801160058844,,Sell,2016-05-16,2016-05-22
2016-05-23,12.0,12.0,12.0,12.0,12.155741322446595,12.0,12.0,12.427499999999998,0.8948232875250994,-0.25848251951721757,,94.04531066658394,,Sell,2016-05-23,2016-05-29
2016-05-30,12.0,12.0,12.0,12.0,12.140908815546918,12.0,12.0,12.3825,0.8948232875250994,-0.24187336083477184,,94.16351694215119,,Sell,2016-05-30,2016-06-05
2016-06-06,12.0,12.0,12.0,12.0,12.127488928351973,12.0,12.0,12.34,0.8948232875250994,-0.2261040956467042,,94.27327991232077,,Sell,2016-06-06,2016-06-12
2016-06-13,12.0,12.0,12.0,12.0,12.115347125651784,12.0,12.0,12.3,0.8948232875250994,-0.21117257339797035,,94.37520267033538,,Sell,2016-06-13,2016-06-19
2016-06-20,12.0,12.0,12.0,12.0,12.104361685113519,12.0,12.0,12.2625,0.8948232875250994,-0.1970675622526894,,94.46984523134896,,Sell,2016-06-20,2016-06-26
2016-06-27,12.0,12.0,12.0,12.0,12.09442247700747,12.0,12.0,12.2275,0.8948232875250994,-0.1837708434094889,,94.55772760943299,,Sell,2016-06-27,2016-07-03
2016-07-04,12.0,12.0,12.0,12.0,12.085429860149615,12.0,12.0,12.195,0.8948232875250994,-0.1712589315704065,,94.63933267479673,,Sell,2016-07-04,2016-07-10
2016-07-11,12.0,12.0,12.0,12.0,12.077293682992508,12.0,12.0,12.165,0.8948232875250994,-0.1595044829036567,,94.7151088069202,,Sell,2016-07-11,2016-07-17
2016-07-18,12.0,12.0,12.0,12.0,12.069932379850364,12.0,12.0,12.1375,0.8948232875250994,-0.1484774421202637,,94.78547235817771,,Sell,2016-07-18,2016-07-24
2016-07-25,12.0,12.0,12.0,12.0,12.063272153197948,12.0,12.0,12.1125,0.8948232875250994,-0.13814597208062196,,94.85080994148827,,Sell,2016-07-25,2016-07-31
2016-08-01,12.0,12.0,12.0,12.0,12.057246233845762,12.0,12.0,12.09,0.8948232875250994,-0.1284772024247136,,94.91148055456235,,Sell,2016-08-01,2016-08-07
2016-08-08,12.0,12.0,12.0,12.0,12.051794211574736,12.0,12.0,12.07,0.8948232875250994,-0.11943782788034518,,94.96781755241685,,Sell,2016-08-08,2016-08-14
2016-08-15,12.0,12.0,12.0,12.0,12.046861429519998,12.0,12.0,12.052499999999998,0.8948232875250994,-0.11099458197942447,,95.02013047899604,,Sell,2016-08-15,2016-08-21
2016-08-22,12.0,12.0,12.0,12.0,12.042398436232379,12.0,12.0,12.0375,0.8948232875250994,-0.10311460776098968,,95.06870676796242,,Sell,2016-08-22,2016-08-28
2016-08-29,13.0,13.0,13.0,12.05,12.133598585162627,12.095238095238095,12.149999999999999,12.0275,89.20367190047979,-0.01599366376921374,666.6666666666616,93.88076150406741,100.0,Sell,2016-08-29,2016-09-04
2016-09-05,15.0,15.0,15.0,12.2,12.40658919609952,12.376190476190477,12.600000000000001,12.0275,96.30162713048009,0.21198990960063036,518.5185185185195,93.7897637583955,100.0,Sell,2016-09-05,2016-09-11
2016-09-12,15.0,15.0,15.0,12.35,12.6535807012329,12.642857142857142,13.049999999999999,12.0375,96.30162713048009,0.3881936789405298,296.918767507003,93.70526585170015,100.0,Sell,2016-09-12,2016-09-18
2016-09-19,15.0,15.0,15.0,12.5,12.877049205877386,12.895238095238096,13.5,12.0575,96.30162713048009,0.5218212055864289,208.33333333333334,93.62680350976875,100.0,Sell,2016-09-19,2016-09-25
2016-09-26,15.0,15.0,15.0,12.65,13.079234995793826,13.133333333333333,13.950000000000001,12.0875,96.30162713048009,0.6205684563137126,160.68376068376062,93.55394562083245,100.0,Sell,2016-09-26,2016-10-02
2016-10-03,15.0,15.0,15.0,12.8,13.262164996194414,13.357142857142858,14.399999999999999,12.127500000000001,96.30162713048009,0.6908625307431944,130.95238095238088,93.4862918668202,100.0,Sell,2016-10-03,2016-10-09
2016-10-10,15.0,15.0,15.0,12.95,13.427673091794947,13.566666666666666,14.850000000000001,12.175,96.30162713048009,0.73806315850711,110.66126855600545,93.4234705238088,100.0,Sell,2016-10-10,2016-10-16
2016-10-17,15.0,15.0,15.0,13.1,13.577418511624,13.761904761904763,15.299999999999999,12.23,96.30162713048009,0.766632731159671,95.2380952380953,93.36513641958393,100.0,Sell,2016-10-17,2016-10-23
2016-10-24,15.0,15.0,15.0,13.25,13.712902462897905,13.942857142857143,15.75,12.2925,96.30162713048009,0.7802797441363545,83.33333333333334,93.31096903708942,100.0,Sell,2016-10-24,2016-10-30
2016-10-31,15.0,15.0,15.0,13.4,13.835483180717151,14.10952380952381,16.200000000000003,12.3625,96.30162713048009,0.7820797714641099,74.07407407407405,93.2606707533445,100.0,Sell,2016-10-31,2016-11-06
2016-11-07,12.0,12.0,12.0,13.4,13.660675258744089,13.976190476190476,15.999999999999998,12.432500000000001,32.964563744447176,0.5352612199805655,-64.81481481481482,89.0312592037466,0.0,Sell,2016-11-07,2016-11-13
2016-11-14,12.0,12.0,12.0,13.4,13.50251571029227,13.842857142857143,15.4,12.502500000000001,32.964563744447176,0.33578501901789615,-64.81481481481484,85.10394847911998,0.0,Sell,2016-11-14,2016-11-20
2016-11-21,12.0,12.0,12.0,13.4,13.35941897597872,13.709523809523809,14.799999999999999,12.572500000000002,32.964563744447176,0.17567363628055865,-64.81481481481484,81.45715994910954,0.0,Buy,2016-11-21,2016-11-27
2016-11-28,12.0,12.0,12.0,13.4,13.229950502075985,13.576190476190476,14.200000000000001,12.642500000000002,32.964563744447176,0.04822826648599943,-64.81481481481484,78.07085631409986,0.0,Buy,2016-11-28,2016-12-04
2016-12-05,12.0,12.0,12.0,13.4,13.11281235902113,13.442857142857143,13.6,12.7125,32.96456374444716,-0.05217170433863849,-64.81481481481484,74.9264315101623,0.0,Buy,2016-12-05,2016-12-11
2016-12-12,12.0,12.0,12.0,13.4,13.006830229590545,13.30952380952381,12.999999999999998,12.7825,32.964563744447176,-0.13023810080422393,-64.81481481481484,72.00660847793458,0.0,Buy,2016-12-12,2016-12-18
2016-12-19,12.0,12.0,12.0,13.4,12.910941636296206,13.176190476190476,12.4,12.852500000000001,32.96456374444716,-0.18991703705727048,-64.81481481481484,69.29534423372311,0.0,Buy,2016-12-19,2016-12-25
2016-12-26,12.0,12.0,12.0,13.4,12.824185289982282,13.042857142857143,11.799999999999999,12.9225,32.96456374444716,-0.2345097416765256,-64.81481481481484,66.77774172124104,0.0,Buy,2016-12-26,2017-01-01
2017-01-02,12.0,12.0,12.0,13.4,12.745691452841111,12.90952380952381,11.200000000000001,12.992500000000001,32.96456374444716,-0.2667745701767803,-64.81481481481484,64.43996795965055,0.0,Buy,2017-01-02,2017-01-08
2017-01-09,12.0,12.0,12.0,13.4,12.674673219237196,12.776190476190477,10.6,13.0625,32.96456374444716,-0.2890131159228275,-64.81481481481484,62.269178038173656,0.0,Buy,2017-01-09,2017-01-15
2017-01-16,12.0,12.0,12.0,13.35,12.61041862692889,12.642857142857142,10.65,13.127500000000001,32.96456374444716,-0.30314288121192057,-60.60606060606059,60.253444539659405,0.0,Buy,2017-01-16,2017-01-22
2017-01-23,12.0,12.0,12.0,13.2,12.552283519602328,12.514285714285714,10.8,13.1775,32.96456374444716,-0.3107585904132115,-55.55555555555553,58.381692005324744,0.0,Buy,2017-01-23,2017-01-29
2017-01-30,12.0,12.0,12.0,13.05,12.49968508916401,12.4,10.95,13.2125,32.96456374444716,-0.3131839057086587,-51.282051282051306,56.64363608058541,0.0,Buy,2017-01-30,2017-02-05
2017-02-06,12.0,12.0,12.0,12.9,12.452096033053152,12.3,11.1,13.232500000000002,32.96456374444716,-0.3115150341514319,-47.61904761904765,55.029727007613175,,Buy,2017-02-06,2017-02-12
2017-02-13,12.0,12.0,12.0,12.75,12.409039268000472,12.214285714285714,11.25,13.2375,32.96456374444716,-0.306657484821395,-44.44444444444444,53.531097154138955,,Buy,2017-02-13,2017-02-19
2017-02-20,12.0,12.0,12.0,12.6,12.370083147238521,12.142857142857142,11.4,13.227500000000001,32.96456374444716,-0.29935704036257604,-41.666666666666636,52.1395122901986,,Buy,2017-02-20,2017-02-26
2017-02-27,12.0,12.0,12.0,12.45,12.334837133215805,12.085714285714285,11.55,13.2025,32.96456374444716,-0.29022584267703344,-39.21568627450977,50.847326345111135,,Buy,2017-02-27,2017-03-05
2017-03-06,12.0,12.0,12.0,12.3,12.302947882433347,12.042857142857143,11.7,13.1625,32.96456374444716,-0.2797643534057155,-37.03703703703709,49.64743939610135,,Sell,2017-03-06,2017-03-12
2017-03-13,12.0,12.0,12.0,12.15,12.27409570315398,12.014285714285714,11.85,13.107500000000002,32.96456374444716,-0.26837983214293715,-35.08771929824566,48.53325865773512,,Sell,2017-03-13,2017-03-19
2017-03-20,12.0,12.0,12.0,12.0,12.247991350472649,12.0,12.0,13.0375,32.96456374444716,-0.25640187580152585,,47.49866225782362,,Sell,2017-03-20,2017-03-26
2017-03-27,12.0,12.0,12.0,12.0,12.22437312661811,12.0,12.0,12.967500000000001,32.96456374444716,-0.24409547837390555,,46.537965600762945,,Sell,2017-03-27,2017-04-02
2017-04-03,12.0,12.0,12.0,12.0,12.203004257416385,12.0,12.0,12.897499999999999,32.96456374444716,-0.2316719991542726,,45.64589013349231,,Sell,2017-04-03,2017-04-09
2017-04-10,12.0,12.0,12.0,12.0,12.183670518614823,12.0,12.0,12.8275,32.96456374444716,-0.21929836729667684,,44.817534342455296,,Sell,2017-04-10,2017-04-16
2017-04-17,12.0,12.0,12.0,12.0,12.166178088270554,12.0,12.0,12.7575,32.96456374444716,-0.20710479968976614,,44.048346822206646,,Sell,2017-04-17,2017-04-23
2017-04-24,12.0,12.0,12.0,12.0,12.150351603673357,12.0,12.0,12.6875,32.96456374444716,-0.19519126609814386,,43.33410126769004,,Sell,2017-04-24,2017-04-30
2017-05-01,12.0,12.0,12.0,12.0,12.136032403323513,12.0,12.0,12.6175,32.96456374444716,-0.18363289914062797,,42.67087325278175,,Sell,2017-05-01,2017-05-07
2017-05-08,10.0,10.0,10.0,11.9,11.932600745864132,11.80952380952381,11.700000000000001,12.5425,8.218198283299444,-0.3320286754657573,-666.666666666668,45.59124699230108,0.0,Sell,2017-05-08,2017-05-14
2017-05-15,10.0,10.0,10.0,11.8,11.74854353197231,11.628571428571428,11.399999999999999,12.4625,8.218198283299444,-0.4445093700171743,-333.333333333334,48.30302260756903,0.0,Buy,2017-05-15,2017-05-21
2017-05-22,10.0,10.0,10.0,11.7,11.582015576546375,11.457142857142857,11.100000000000001,12.377500000000001,8.218198283299444,-0.527569636460397,-222.22222222222194,50.82109996460355,0.0,Buy,2017-05-22,2017-05-28
2017-05-29,10.0,10.0,10.0,11.6,11.431347426399102,11.295238095238096,10.799999999999999,12.2875,8.218198283299444,-0.5866331541984149,-166.66666666666657,53.15931465327846,0.0,Buy,2017-05-29,2017-06-04
2017-06-05,10.0,10.0,10.0,11.5,11.295028623884901,11.142857142857142,10.5,12.194999999999999,8.218198283299444,-0.6262227119225212,-133.33333333333334,55.33051400704802,0.0,Buy,2017-06-05,2017-06-11
2017-06-12,10.0,10.0,10.0,11.4,11.171692564467293,11.0,10.200000000000001,12.105,8.218198283299444,-0.6501037305163653,-111.11111111111117,57.34662769269119,0.0,Buy,2017-06-12,2017-06-18
2017-06-19,10.0,10.0,10.0,11.3,11.06010279642279,10.866666666666667,9.899999999999999,12.017500000000002,8.218198283299444,-0.6614053407478231,-95.23809523809531,59.21873325793128,0.0,Buy,2017-06-19,2017-06-25
2017-06-26,10.0,10.0,10.0,11.2,10.959140625334905,10.742857142857142,9.600000000000001,11.932500000000001,8.218198283299444,-0.6627224958779081,-83.33333333333327,60.957116997082785,0.0,Buy,2017-06-26,2017-07-02
2017-07-03,10.0,10.0,10.0,11.1,10.867793899112534,10.628571428571428,9.299999999999999,11.85,8.218198283299444,-0.6562020619099922,-74.07407407407403,62.57133046915204,0.0,Buy,2017-07-03,2017-07-09
2017-07-10,10.0,10.0,10.0,11.0,10.785146861101817,10.523809523809524,9.0,11.77,8.218198283299444,-0.6436153736227652,-66.66666666666667,64.07024297893064,0.0,Buy,2017-07-10,2017-07-16
2017-07-17,10.0,10.0,10.0,10.9,10.710370969568311,10.428571428571429,9.1,11.692499999999999,8.218198283299444,-0.6264193600231103,-60.606060606060645,65.46209030943933,0.0,Buy,2017-07-17,2017-07-23
2017-07-24,10.0,10.0,10.0,10.8,10.642716591514187,10.342857142857143,9.2,11.617500000000001,8.218198283299444,-0.6058080176299558,-55.55555555555559,66.75451997348311,0.0,Buy,2017-07-24,2017-07-30
2017-07-31,12.0,12.0,12.0,10.8,10.771981678036646,10.457142857142857,9.599999999999998,11.55,67.53103693304921,-0.42321157538312626,83.33333333333327,64.49084084883872,100.0,Buy,2017-07-31,2017-08-06
2017-08-07,12.0,12.0,12.0,10.8,10.888935803937917,10.571428571428571,10.0,11.49,67.53103693304921,-0.27532876079791,83.33333333333327,62.38885309024034,100.0,Sell,2017-08-07,2017-08-13
2017-08-14,12.0,12.0,12.0,10.8,10.994751441658115,10.685714285714285,10.399999999999999,11.430000000000001,67.53103693304921,-0.15632850708245272,83.33333333333327,60.437007314399,100.0,Sell,2017-08-14,2017-08-20
2017-08-21,12.0,12.0,12.0,10.8,11.090489399595437,10.8,10.8,11.370000000000001,67.53103693304921,-0.06131316862068381,83.33333333333327,58.62457909397489,100.0,Sell,2017-08-21,2017-08-27
2017-08-28,12.0,12.0,12.0,10.8,11.177109456776824,10.914285714285715,11.2,11.31,67.53103693304921,0.013827773691193812,83.33333333333327,56.941610032152504,100.0,Sell,2017-08-28,2017-09-03
2017-09-04,12.0,12.0,12.0,10.8,11.255479984702841,11.028571428571428,11.599999999999998,11.250000000000002,67.53103693304921,0.07254130087353516,83.33333333333327,55.37885304617458,100.0,Sell,2017-09-04,2017-09-10
2017-09-11,13.0,13.0,13.0,10.85,11.421624748064474,11.238095238095237,12.15,11.1925,78.4122550103533,0.19748732586399065,140.5228758169935,55.48214388800778,100.0,Sell,2017-09-11,2017-09-17
2017-09-18,14.0,14.0,14.0,10.95,11.667184295867859,11.538095238095238,12.850000000000001,11.14,84.13722236821577,0.3729010226415408,178.36257309941527,56.39589566095767,100.0,Sell,2017-09-18,2017-09-24
2017-09-25,14.0,14.0,14.0,11.15,11.88935722007092,11.82857142857143,13.450000000000001,11.102500000000001,84.13722236821577,0.5060838218531067,150.19762845849797,57.244379450125415,100.0,Sell,2017-09-25,2017-10-01
2017-10-02,14.0,14.0,14.0,11.35,12.090370818159405,12.1,14.049999999999999,11.08,84.13722236821577,0.6046619828097111,130.86419753086426,58.03225725435261,100.0,Sell,2017-10-02,2017-10-08
2017-10-09,15.0,15.0,15.0,11.6,12.367478359287082,12.447619047619048,14.4,11.075,88.0840520335058,0.7547769296240343,157.40740740740745,59.32768391131532,100.0,Sell,2017-10-09,2017-10-15
2017-10-16,15.0,15.0,15.0,11.85,12.618194706021646,12.771428571428572,14.750000000000002,11.0875,88.0840520335058,0.8637869086993692,141.89189189189196,60.53058009278069,100.0,Sell,2017-10-16,2017-10-22
2017-10-23,15.0,15.0,15.0,12.1,12.845033305448156,13.071428571428571,15.1,11.117500000000001,88.0840520335058,0.9393498620068339,126.36165577342052,61.647555118427114,100.0,Sell,2017-10-23,2017-10-29
2017-10-30,15.0,15.0,15.0,12.35,13.050268228738808,13.347619047619048,15.450000000000001,11.165000000000001,88.0840520335058,0.9878467643188706,109.05349794238687,62.68474621367022,100.0,Sell,2017-10-30,2017-11-05
2017-11-06,15.0,15.0,15.0,12.6,13.235956968858922,13.6,15.799999999999999,11.23,88.0840520335058,1.0145853998702528,96.38554216867473,63.64785223068168,100.0,Sell,2017-11-06,2017-11-12
2017-11-13,15.0,15.0,15.0,12.85,13.403961067062834,13.82857142857143,16.15,11.3125,88.0840520335058,1.0239722465287961,86.86868686868691,64.54216496076374,100.0,Sell,2017-11-13,2017-11-19
2017-11-20,15.0,15.0,15.0,13.1,13.555964774961613,14.033333333333333,16.299999999999997,11.4125,88.08405203350578,1.019657414178326,79.1666666666667,65.37259821012566,100.0,Sell,2017-11-20,2017-11-26
2017-11-27,15.0,15.0,15.0,13.35,13.693491939250983,14.214285714285714,16.25,11.530000000000001,88.08405203350578,1.00465682000997,72.60726072607262,66.14371479881888,100.0,Sell,2017-11-27,2017-12-03
2017-12-04,15.0,15.0,15.0,13.6,13.817921278369937,14.371428571428572,16.200000000000003,11.665000000000001,88.08405203350578,0.9814551371714018,67.63285024154594,66.85975163117686,100.0,Sell,2017-12-04,2017-12-10
2017-12-11,15.0,15.0,15.0,13.85,13.930500204239467,14.504761904761905,16.15,11.817499999999999,88.08405203350578,0.9520925066036181,64.15620641562067,67.52464297550928,100.0,Sell,2017-12-11,2017-12-17
2017-12-18,15.0,15.0,15.0,14.0,14.032357327645231,14.614285714285714,16.0,11.977500000000001,88.08405203350578,0.9182375395593017,60.6060606060606,68.1420420809608,100.0,Sell,2017-12-18,2017-12-24
2017-12-25,15.0,15.0,15.0,14.15,14.1245137726314,14.709523809523809,15.85,12.145,88.08405203350578,0.881248747264646,55.55555555555552,68.71534125030864,100.0,Buy,2017-12-25,2017-12-31
2018-01-01,15.0,15.0,15.0,14.3,14.20789341333317,14.790476190476191,15.7,12.319999999999999,88.08405203350578,0.842226203475219,51.28205128205124,69.24769047898879,100.0,Buy,2018-01-01,2018-01-07
2018-01-08,15.0,15.0,15.0,14.45,14.283332135872868,14.857142857142858,15.55,12.502500000000001,88.08405203350578,0.8020549659937579,47.61904761904767,69.7420147627632,,Buy,2018-01-08,2018-01-14
2018-01-15,15.0,15.0,15.0,14.6,14.351586218170691,14.90952380952381,15.4,12.692499999999999,88.08405203350578,0.7614415467020859,44.44444444444447,70.20103016912516,,Buy,2018-01-15,2018-01-21
2018-01-22,15.0,15.0,15.0,14.75,14.413339911678245,14.947619047619048,15.25,12.89,88.08405203350578,0.7209445196592998,41.666666666666664,70.62725876074698,,Buy,2018-01-22,2018-01-28
2018-01-29,15.0,15.0,15.0,14.85,14.469212301042221,14.971428571428572,15.15,13.09,88.08405203350578,0.6810001877065819,39.21568627450986,71.02304245296725,,Buy,2018-01-29,2018-02-04
2018-02-05,15.0,15.0,15.0,14.9,14.519763510466772,14.985714285714286,15.1,13.2875,88.08405203350578,0.6419440850347193,37.03703703703696,71.39055588145749,,Buy,2018-02-05,2018-02-11
2018-02-12,15.0,15.0,15.0,14.95,14.565500318993747,14.995238095238095,15.05,13.477500000000001,88.08405203350578,0.6040289722857146,35.08771929824588,71.73181835076984,,Buy,2018-02-12,2018-02-18
2018-02-19,15.0,15.0,15.0,15.0,14.606881240994342,15.0,15.0,13.66,88.0840520335058,0.5674398785674271,,72.04870492941704,,Buy,2018-02-19,2018-02-25
2018-02-26,15.0,15.0,15.0,15.0,14.644321122804405,15.0,15.0,13.830000000000002,88.0840520335058,0.5323066583771165,,72.34295675244658,,Buy,2018-02-26,2018-03-04
2018-03-05,15.0,15.0,15.0,15.0,14.678195301584937,15.0,15.0,13.9875,88.08405203350578,0.49871445841744766,,72.61619058811687,,Buy,2018-03-05,2018-03-11
2018-03-12,15.0,15.0,15.0,15.0,14.708843368100657,15.0,15.0,14.132500000000002,88.08405203350578,0.4667124275838894,,72.86990772123927,,Buy,2018-03-12,2018-03-18
2018-03-19,15.0,15.0,15.0,15.0,14.73657257113869,15.0,15.0,14.265,88.0840520335058,0.4363209512603454,,73.10550220199579,,Buy,2018-03-19,2018-03-25
2018-03-26,15.0,15.0,15.0,15.0,14.761660897696911,15.0,15.0,14.385000000000002,88.08405203350578,0.40753764700389006,,73.32426850555542,,Buy,2018-03-26,2018-04-01
2018-04-02,11.0,11.0,11.0,14.8,14.403407478868633,14.619047619047619,14.399999999999999,14.482499999999998,11.989649522904173,0.06125400239266199,-666.666666666668,73.5168617475506,0.0,Buy,2018-04-02,2018-04-08
2018-04-09,11.0,11.0,11.0,14.6,14.079273433262097,14.257142857142858,13.799999999999999,14.5575,11.989649522904173,-0.2107488986832866,-333.3333333333332,73.69569832940329,0.0,Buy,2018-04-09,2018-04-15
2018-04-16,11.0,11.0,11.0,14.4,13.786009296760945,13.914285714285715,13.200000000000001,14.610000000000003,11.989649522904173,-0.4214548878603619,-222.22222222222234,73.86176086969506,0.0,Buy,2018-04-16,2018-04-22
2018-04-23,11.0,11.0,11.0,14.2,13.520675078021807,13.59047619047619,12.600000000000001,14.64,11.989649522904173,-0.5817350231089495,-166.66666666666657,74.015961799966,0.0,Buy,2018-04-23,2018-04-29
2018-04-30,11.0,11.0,11.0,14.0,13.280610784876872,13.285714285714286,12.0,14.647500000000003,11.989649522904173,-0.7006811686956311,-133.33333333333334,74.15914837807472,0.0,Buy,2018-04-30,2018-05-06
2018-05-07,11.0,11.0,11.0,13.8,13.063409757745742,13.0,11.399999999999999,14.6375,11.989649522904173,-0.785887622717155,-111.11111111111117,74.29210734346138,0.0,Buy,2018-05-07,2018-05-13
2018-05-14,13.0,13.0,13.0,13.7,13.057370733198528,12.923809523809524,11.100000000000001,14.615,47.41896012950048,-0.6841446721902358,-27.613412228796808,69.35424498952811,50.0,Buy,2018-05-14,2018-05-20
2018-05-21,13.0,13.0,13.0,13.6,13.051906853846287,12.857142857142858,10.799999999999999,14.579999999999998,47.41896012950048,-0.5966350138322181,-23.809523809523792,64.76908708944721,50.0,Buy,2018-05-21,2018-05-27
2018-05-28,13.0,13.0,13.0,13.5,13.046963343956165,12.8,10.5,14.532499999999999,47.41896012950048,-0.5212740562715812,-20.202020202020204,60.51144046794352,50.0,Buy,2018-05-28,2018-06-03
2018-06-04,14.0,14.0,14.0,13.45,13.137728739769864,12.847619047619048,10.350000000000001,14.475,57.98198957191184,-0.37651804614547757,22.84527518172381,57.32948101344132,75.0,Buy,2018-06-04,2018-06-10
2018-06-11,14.0,14.0,14.0,13.4,13.219849812172734,12.9,10.999999999999998,14.407500000000002,57.98198957191184,-0.25881441375442193,25.641025641025625,54.37480437711783,75.0,Buy,2018-06-11,2018-06-17
2018-06-18,14.0,14.0,14.0,13.35,13.294149830061047,12.957142857142857,11.65,14.3325,57.98198957191184,-0.1636470161402972,28.60286028602862,51.63117607196032,75.0,Buy,2018-06-18,2018-06-24
2018-06-25,15.0,15.0,15.0,13.35,13.456611751007614,13.114285714285714,12.450000000000001,14.255,66.40997377059045,-0.007448661700282244,72.60726072607262,50.28751821320602,100.0,Sell,2018-06-25,2018-07-01
2018-07-02,15.0,15.0,15.0,13.35,13.603601108054509,13.271428571428572,13.250000000000002,14.175,66.40997377059045,0.11501385145585985,72.60726072607262,49.03983591579131,100.0,Sell,2018-07-02,2018-07-08
2018-07-09,14.0,14.0,14.0,13.3,13.64135338347789,13.333333333333334,13.899999999999999,14.089999999999998,53.876839174007024,0.12987748596330917,31.746031746031715,46.09082613364957,75.0,Sell,2018-07-09,2018-07-15
2018-07-16,19.0,19.0,19.0,13.5,14.151700680289519,13.876190476190477,15.3,14.014999999999997,77.12376770916259,0.5389030972046083,222.22222222222226,46.673448587692704,100.0,Sell,2018-07-16,2018-07-22
2018-07-23,19.0,19.0,19.0,13.7,14.6134434726429,14.4,16.3,13.95,77.12376770916259,0.8532234125964564,193.07832422586523,47.21445515216133,100.0,Sell,2018-07-23,2018-07-29
2018-07-30,19.0,19.0,19.0,13.9,15.031210760962622,14.904761904761905,17.299999999999997,13.895,77.12376770916259,1.0897624242271462,169.15422885572136,47.71681839059648,100.0,Sell,2018-07-30,2018-08-05
2018-08-06,20.0,20.0,20.0,14.15,15.504428783728088,15.485714285714286,18.450000000000003,13.852499999999997,79.68185112709205,1.3424381464537323,169.93464052287578,48.548738952355265,100.0,Sell,2018-08-06,2018-08-12
2018-08-13,20.0,20.0,20.0,14.4,15.932578423373032,16.042857142857144,19.4,13.8225,79.68185112709205,1.5251050154750878,142.49363867684477,49.32123661684555,100.0,Sell,2018-08-13,2018-08-19
2018-08-20,20.0,20.0,20.0,14.85,16.319951906861313,16.576190476190476,20.15,13.825,79.68185112709205,1.650839969660197,121.74940898345157,50.0385558767294,100.0,Sell,2018-08-20,2018-08-26
2018-08-27,20.0,20.0,20.0,15.3,16.670432677636427,17.066666666666666,20.900000000000002,13.86,79.68185112709205,1.730537270293425,104.79375696766998,50.70463804662154,100.0,Sell,2018-08-27,2018-09-02
2018-09-03,20.0,20.0,20.0,15.75,16.987534327385337,17.514285714285716,21.450000000000003,13.9275,79.68185112709205,1.7732569528944637,91.3978494623656,51.323142918664246,100.0,Sell,2018-09-03,2018-09-09
2018-09-10,20.0,20.0,20.0,16.2,17.274435820015306,17.919047619047618,22.000000000000004,14.027499999999998,79.68185112709205,1.7865187332469077,81.19658119658122,51.897468871275315,100.0,Sell,2018-09-10,2018-09-16
2018-09-17,20.0,20.0,20.0,16.65,17.534013360966227,18.28095238095238,22.75,14.16,79.68185112709203,1.7765498291555524,73.22404371584703,52.430771541557036,100.0,Sell,2018-09-17,2018-09-23
2018-09-24,20.0,20.0,20.0,17.1,17.768869231350397,18.6,22.5,14.325,79.68185112709203,1.748493852113544,66.89734717416376,52.92598116396149,100.0,Sell,2018-09-24,2018-09-30
2018-10-01,20.0,20.0,20.0,17.45,17.981357875983694,18.876190476190477,22.349999999999998,14.5125,79.68185112709203,1.7065868176548378,61.59420289855076,53.385818670479914,100.0,Sell,2018-10-01,2018-10-07
2018-10-08,20.0,20.0,20.0,17.8,18.17360950684239,19.11904761904762,22.2,14.722500000000002,79.68185112709203,1.6543053881768763,57.29166666666665,53.81281064081845,100.0,Sell,2018-10-08,2018-10-14
2018-10-15,20.0,20.0,20.0,18.15,18.347551458571687,19.32857142857143,21.85,14.955000000000002,79.68185112709203,1.5944916711992505,53.857350800582275,54.20930318470423,100.0,Sell,2018-10-15,2018-10-21
2018-10-22,20.0,20.0,20.0,18.45,18.504927510136287,19.504761904761907,21.55,15.205000000000002,79.68185112709203,1.529458227171773,51.028806584362165,54.57747483259818,100.0,Sell,2018-10-22,2018-10-28
2018-10-29,20.0,20.0,20.0,18.75,18.647315366313784,19.652380952380952,21.25,15.4725,79.68185112709203,1.4610763752736453,49.01960784313726,54.91934850564255,100.0,Buy,2018-10-29,2018-11-04
2018-11-05,20.0,20.0,20.0,19.05,18.7761424742839,19.771428571428572,20.95,15.757500000000002,79.68185112709203,1.3908504072591725,47.6190476190476,55.23680263061233,,Buy,2018-11-05,2018-11-11
2018-11-12,20.0,20.0,20.0,19.3,18.89270033387591,19.86190476190476,20.7,16.055,79.68185112709203,1.3199799148574165,44.44444444444442,55.53158146094141,,Buy,2018-11-12,2018-11-18
2018-11-19,20.0,20.0,20.0,19.55,18.998157444935348,19.928571428571427,20.45,16.365,79.68185112709203,1.2494120941454128,41.66666666666663,55.80530466053269,,Buy,2018-11-19,2018-11-25
2018-11-26,20.0,20.0,20.0,19.85,19.093571021608174,19.97142857142857,20.15,16.692500000000003,79.68185112709203,1.1798856010617023,39.215686274509586,56.05947620301031,,Buy,2018-11-26,2018-12-02
2018-12-03,20.0,20.0,20.0,19.9,19.179897590978825,19.985714285714284,20.1,17.0125,79.68185112709203,1.1119672876649318,37.03703703703733,56.295492635310964,,Buy,2018-12-03,2018-12-09
2018-12-10,20.0,20.0,20.0,19.95,19.258002582314177,19.995238095238093,20.05,17.325,79.68185112709203,1.046082941981819,35.08771929824588,56.51465075101871,,Buy,2018-12-10,2018-12-16
2018-12-17,20.0,20.0,20.0,20.0,19.328669003046162,20.0,20.0,17.630000000000003,79.68185112709203,0.982542979500959,,56.718154715604484,,Buy,2018-12-17,2018-12-23
2018-12-24,20.0,20.0,20.0,20.0,19.39260528847034,20.0,20.0,17.922500000000003,79.68185112709203,0.9215638866227778,,56.90712268271984,,Buy,2018-12-24,2018-12-30
2018-12-31,20.0,20.0,20.0,20.0,19.450452403854115,20.0,20.0,18.2025,79.68185112709203,0.8632860915002993,,57.082592937898376,,Buy,2018-12-31,2019-01-06
2019-01-07,20.0,20.0,20.0,20.0,19.502790270153724,20.0,20.0,18.46,79.68185112709203,0.8077888321707185,,57.2455296034213,,Buy,2019-01-07,2019-01-13
2019-01-14,20.0,20.0,20.0,20.0,19.55014357775813,20.0,20.0,18.695,79.68185112709203,0.7551025026997245,,57.3968279356926,,Buy,2019-01-14,2019-01-20
2019-01-21,20.0,20.0,20.0,20.0,19.592987046543072,20.0,20.0,18.907500000000002,79.68185112709203,0.7052188827130514,,57.537319244230225,,Buy,2019-01-21,2019-01-27
2019-01-28,20.0,20.0,20.0,20.0,19.631750184967544,20.0,20.0,19.097500000000004,79.68185112709203,0.6580995920373063,,57.66777545930088,,Buy,2019-01-28,2019-02-03
2019-02-04,20.0,20.0,20.0,20.0,19.666821595923015,20.0,20.0,19.265,79.68185112709203,0.6136830584077373,,57.78891337329505,,Buy,2019-02-04,2019-02-10
2019-02-11,20.0,20.0,20.0,20.0,19.698552872501775,20.0,20.0,19.410000000000004,79.68185112709203,0.5718902407958772,,57.90139857914679,,Buy,2019-02-11,2019-02-17
2019-02-18,25.0,25.0,25.0,20.25,20.203452598930177,20.476190476190474,20.75,19.55,96.27408097748351,0.9314897114327856,666.6666666666667,60.37616740131581,100.0,Buy,2019-02-18,2019-02-24
2019-02-25,25.0,25.0,25.0,20.5,20.6602666371273,20.928571428571427,21.5,19.685000000000002,96.27408097748351,1.202611921060761,333.3333333333333,62.67416702190133,100.0,Sell,2019-02-25,2019-03-03
2019-03-04,25.0,25.0,25.0,20.75,21.073574576448507,21.357142857142858,22.25,19.815,96.27408097748351,1.4013246275093394,222.22222222222223,64.80802381244503,100.0,Sell,2019-03-04,2019-03-10
2019-03-11,25.0,25.0,25.0,21.0,21.447519854881982,21.761904761904763,23.0,19.942500000000003,96.27408097748351,1.541041709456124,166.66666666666666,66.78946226080703,100.0,Sell,2019-03-11,2019-03-17
2019-03-18,25.0,25.0,25.0,21.25,21.785851297274174,22.142857142857142,23.75,20.067500000000003,96.27408097748351,1.6329449308166417,133.33333333333334,68.62936939142888,100.0,Sell,2019-03-18,2019-03-24
2019-03-25,25.0,25.0,25.0,21.5,22.091960697533775,22.5,24.5,20.19,96.27408097748351,1.6863398201353732,111.11111111111111,70.33785458414918,100.0,Sell,2019-03-25,2019-03-31
2019-04-01,25.0,25.0,25.0,21.75,22.368916821578175,22.833333333333332,25.25,20.3125,96.27408097748351,1.70895587507016,95.23809523809526,71.9243051202466,100.0,Sell,2019-04-01,2019-04-07
2019-04-08,25.0,25.0,25.0,22.0,22.61949617190406,23.142857142857142,26.0,20.435000000000002,96.27408097748351,1.7071997258017433,83.33333333333334,73.39743776090849,100.0,Sell,2019-04-08,2019-04-14
2019-04-15,25.0,25.0,25.0,22.25,22.84621082219891,23.428571428571427,26.75,20.555,96.27408097748351,1.686368557847267,74.07407407407408,74.76534664152311,100.0,Sell,2019-04-15,2019-04-21
2019-04-22,25.0,25.0,25.0,22.5,23.051333601037108,23.69047619047619,27.5,20.685000000000002,96.27408097748351,1.6508299669103117,66.66666666666667,76.03554774495096,100.0,Sell,2019-04-22,2019-04-28
2019-04-29,25.0,25.0,25.0,22.75,23.23692087712881,23.928571428571427,27.25,20.825,96.27408097748351,1.6041734644165722,60.60606060606061,77.21502019813397,100.0,Sell,2019-04-29,2019-05-05
2019-05-06,25.0,25.0,25.0,23.0,23.404833174545114,24.142857142857142,27.0,20.975,96.27408097748351,1.5493380454893781,55.55555555555556,78.31024461894675,100.0,Sell,2019-05-06,2019-05-12
2019-05-13,25.0,25.0,25.0,23.25,23.556753824588437,24.333333333333332,26.75,21.1375,96.27408097748351,1.4887195486605016,51.28205128205129,79.32723872398721,100.0,Sell,2019-05-13,2019-05-19
2019-05-20,25.0,25.0,25.0,23.5,23.6942058412943,24.5,26.5,21.3125,96.27408097748351,1.424260959422373,47.61904761904762,80.27159039295336,,Sell,2019-05-20,2019-05-26
2019-05-27,24.0,24.0,24.0,23.7,23.723329094504365,24.547619047619047,26.099999999999998,21.4975,65.89911681279668,1.277756241820736,10.810810810810835,76.80920782692012,0.0,Sell,2019-05-27,2019-06-02
2019-06-03,24.0,24.0,24.0,23.9,23.749678704551567,24.576190476190476,25.700000000000003,21.6925,65.89911681279668,1.148412018721782,4.273504273504331,73.59413830131783,0.0,Buy,2019-06-03,2019-06-09
2019-06-10,24.0,24.0,24.0,24.1,23.773518827927607,24.585714285714285,25.299999999999997,21.8975,65.89911681279668,1.0339866357385894,-5.291005291005369,70.60871659897285,0.0,Buy,2019-06-10,2019-06-16
2019-06-17,24.0,24.0,24.0,24.3,23.795088463363072,24.576190476190476,24.900000000000002,22.1125,65.89911681279668,0.932553795672117,-20.408163265306175,67.83653930393822,0.0,Buy,2019-06-17,2019-06-23
2019-06-24,24.0,24.0,24.0,24.5,23.814603847804683,24.547619047619047,24.5,22.3375,65.89911681279668,0.8424562281479915,-47.61904761904763,65.26237467283465,0.0,Buy,2019-06-24,2019-06-30
2019-07-01,24.0,24.0,24.0,24.7,23.832260624204235,24.5,24.099999999999998,22.572499999999998,65.89911681279668,0.7622663250661468,-111.11111111111093,62.872078943952765,0.0,Buy,2019-07-01,2019-07-07
2019-07-08,24.0,24.0,24.0,24.65,23.84823580285145,24.433333333333334,23.950000000000003,22.792499999999997,65.89911681279668,0.6907526821950043,-95.23809523809496,60.65251862427673,0.0,Buy,2019-07-08,2019-07-14
2019-07-15,24.0,24.0,24.0,24.6,23.862689535913216,24.37142857142857,23.799999999999997,22.9975,65.89911681279668,0.6268516493792085,-83.33333333333358,58.59149832743469,0.0,Buy,2019-07-15,2019-07-21
2019-07-22,24.0,24.0,24.0,24.55,23.8757667229691,24.314285714285713,23.650000000000002,23.1875,65.89911681279668,0.5696431290890054,-74.07407407407419,56.67769376608137,0.0,Buy,2019-07-22,2019-07-28
2019-07-29,24.0,24.0,24.0,24.5,23.88759846363871,24.261904761904763,23.5,23.3625,65.89911681279668,0.5183299792423917,-66.66666666666667,54.900589530538994,0.0,Buy,2019-07-29,2019-08-04
2019-08-05,24.0,24.0,24.0,24.45,23.898303371863594,24.214285714285715,23.55,23.5225,65.89911681279668,0.4722204746133656,-60.606060606060524,53.25042131182108,0.0,Buy,2019-08-05,2019-08-11
2019-08-12,24.0,24.0,24.0,24.4,23.907988765019443,24.17142857142857,23.6,23.667499999999997,65.89911681279668,0.4307133644383363,-55.555555555555394,51.71812225158301,0.0,Buy,2019-08-12,2019-08-18
2019-08-19,24.0,24.0,24.0,24.35,23.916751739779496,24.133333333333333,23.65,23.7975,65.89911681279668,0.39328513436458223,-51.28205128205145,50.295273124219094,0.0,Buy,2019-08-19,2019-08-25
2019-08-26,24.0,24.0,24.0,24.3,23.92468014551478,24.1,23.7,23.9125,65.89911681279668,0.35947914061033615,-47.619047619047706,48.97405607738118,,Buy,2019-08-26,2019-09-01
2019-09-02,24.0,24.0,24.0,24.25,23.931853464989562,24.071428571428573,23.75,24.0125,65.89911681279668,0.3288963347845275,-44.44444444444444,47.74721167674596,,Buy,2019-09-02,2019-09-08
2019-09-09,24.0,24.0,24.0,24.2,23.938343611181033,24.047619047619047,23.8,24.0975,65.89911681279668,0.30118734064995323,-41.66666666666657,46.60799901901327,,Buy,2019-09-09,2019-09-15
2019-09-16,24.0,24.0,24.0,24.15,23.944215648211408,24.02857142857143,23.85,24.167499999999997,65.89911681279668,0.2760456803946596,-39.215686274509586,45.55015869397577,,Buy,2019-09-16,2019-09-22
2019-09-23,24.0,24.0,24.0,24.1,23.949528443619844,24.014285714285716,23.9,24.2225,65.89911681279668,0.2532019787086668,-37.03703703703733,44.56787839215523,,Buy,2019-09-23,2019-09-29
2019-09-30,24.0,24.0,24.0,24.05,23.95433525851319,24.004761904761907,23.95,24.2625,65.89911681279668,0.23241899899788976,-35.08771929824588,43.65576096903616,,Buy,2019-09-30,2019-10-06
2019-10-07,24.0,24.0,24.0,24.0,23.958684281511932,24.0,24.0,24.2875,65.89911681279668,0.21348738812479695,,42.80879479042559,,Buy,2019-10-07,2019-10-13
2019-10-14,24.0,24.0,24.0,24.0,23.962619111844127,24.0,24.0,24.302500000000002,65.89911681279668,0.19622202475556705,,42.02232619600149,,Buy,2019-10-14,2019-10-20
2019-10-21,24.0,24.0,24.0,24.0,23.9661791964304,24.0,24.0,24.3075,65.89911681279668,0.18045888223259965,,41.29203392975054,,Buy,2019-10-21,2019-10-27
2019-10-28,24.0,24.0,24.0,24.0,23.96940022534179,24.0,24.0,24.302500000000002,65.89911681279668,0.1660523303159458,,40.613905396803226,,Buy,2019-10-28,2019-11-03
2019-11-04,24.0,24.0,24.0,24.0,23.97231448959495,24.0,24.0,24.2875,65.89911681279668,0.15287281151724486,,39.98421461620929,,Buy,2019-11-04,2019-11-10
2019-11-11,24.0,24.0,24.0,24.0,23.97495120487162,24.0,24.0,24.2625,65.89911681279668,0.14080483739840943,,39.39950174851493,,Buy,2019-11-11,2019-11-17
2019-11-18,21.0,21.0,21.0,23.85,23.69162251869337,23.714285714285715,23.549999999999997,24.22,9.366074831971346,-0.10957098092715611,-666.66666666667,42.390098053453485,0.0,Buy,2019-11-18,2019-11-24
2019-11-25,21.0,21.0,21.0,23.7,23.43527751691305,23.442857142857143,23.099999999999998,24.172500000000003,9.366074831971346,-0.304485699205852,-333.3333333333329,45.16708033661072,0.0,Buy,2019-11-25,2019-12-01
2019-12-02,21.0,21.0,21.0,23.55,23.203346324826093,23.185714285714287,22.650000000000002,24.119999999999997,9.366074831971346,-0.4537267383221426,-222.22222222222243,47.74570674239958,0.0,Buy,2019-12-02,2019-12-08
2019-12-09,21.0,21.0,21.0,23.4,22.9935038176998,22.942857142857143,22.200000000000003,24.0625,9.366074831971346,-0.5654828032899246,-166.66666666666643,50.14014554777494,0.0,Buy,2019-12-09,2019-12-15
2019-12-16,21.0,21.0,21.0,23.25,22.8036463112522,22.714285714285715,21.75,24.0,9.366074831971346,-0.6465967253781919,-133.33333333333331,52.36355300990921,0.0,Buy,2019-12-16,2019-12-22
2019-12-23,21.0,21.0,21.0,23.1,22.631870472085325,22.5,21.299999999999997,23.932499999999997,9.366074831971346,-0.7027788953860536,-111.11111111111124,54.42814565331961,0.0,Buy,2019-12-23,2019-12-29
2019-12-30,21.0,21.0,21.0,22.95,22.476454236648628,22.3,20.849999999999998,23.860000000000003,9.366074831971346,-0.738787388749639,-95.23809523809518,56.345267393629264,0.0,Buy,2019-12-30,2020-01-05
2020-01-06,21.0,21.0,21.0,22.8,22.335839547443996,22.114285714285714,20.400000000000002,23.7825,9.366074831971346,-0.7585799417980361,-83.33333333333337,58.125451866773936,0.0,Buy,2020-01-06,2020-01-12
2020-01-13,21.0,21.0,21.0,22.65,22.208616733401712,21.942857142857143,19.950000000000003,23.7,9.366074831971346,-0.7654421421430975,-74.074074074074,59.77848030612256,0.0,Buy,2020-01-13,2020-01-19
2020-01-20,21.0,21.0,21.0,22.5,22.093510377839646,21.785714285714285,19.5,23.6125,9.366074831971346,-0.7620955225599637,-66.66666666666667,61.31343528551771,0.0,Buy,2020-01-20,2020-01-26
2020-01-27,21.0,21.0,21.0,22.35,21.989366532331108,21.642857142857142,19.65,23.52,9.366074831971346,-0.7507886779001325,-60.60606060606067,62.7387506235275,0.0,Buy,2020-01-27,2020-02-02
2020-02-03,21.0,21.0,21.0,22.2,21.895141148299572,21.514285714285716,19.8,23.422500000000003,9.366074831971318,-0.7333740425922848,-55.55555555555553,64.06225772310802,0.0,Buy,2020-02-03,2020-02-09
2020-02-10,21.0,21.0,21.0,22.05,21.80988961036628,21.4,19.95,23.32,9.366074831971318,-0.7113725586036033,-51.282051282051306,65.29122860128993,0.0,Buy,2020-02-10,2020-02-16
2020-02-17,21.0,21.0,21.0,21.9,21.732757266521872,21.3,20.1,23.2125,9.366074831971318,-0.6860281189132849,-47.61904761904757,66.43241584531599,,Buy,2020-02-17,2020-02-23
2020-02-24,21.0,21.0,21.0,21.75,21.662970860186455,21.214285714285715,20.25,23.1,9.366074831971318,-0.6583533799090375,-44.44444444444444,67.49208971476875,,Buy,2020-02-24,2020-03-01
2020-03-02,21.0,21.0,21.0,21.6,21.599830778263936,21.142857142857142,20.4,22.979999999999997,9.366074831971318,-0.6291682894651487,-41.66666666666673,68.47607259354632,,Buy,2020-03-02,2020-03-08
2020-03-09,21.0,21.0,21.0,21.45,21.542704037476895,21.085714285714285,20.55,22.8525,9.366074831971318,-0.5991324688670581,-39.21568627450977,69.38977098098263,,Sell,2020-03-09,2020-03-15
2020-03-16,21.0,21.0,21.0,21.3,21.49101793866957,21.042857142857144,20.7,22.717499999999998,9.366074831971318,-0.5687724103487,-37.03703703703709,70.23820519788778,,Sell,2020-03-16,2020-03-22
2020-03-23,21.0,21.0,21.0,21.15,21.444254325462946,21.014285714285716,20.85,22.575,9.366074831971318,-0.5385043028445935,-35.087719298245446,71.02603697072827,,Sell,2020-03-23,2020-03-29
2020-03-30,21.0,21.0,21.0,21.0,21.40194438970457,21.0,21.0,22.425,9.366074831971318,-0.5086531724314654,,71.75759504550874,,Sell,2020-03-30,2020-04-05
2020-04-06,21.0,21.0,21.0,21.0,21.363663971637468,21.0,21.0,22.282500000000002,9.366074831971318,-0.47946891729375096,,72.4368989720906,,Sell,2020-04-06,2020-04-12
2020-04-13,21.0,21.0,21.0,21.0,21.329029307671995,21.0,21.0,22.1475,9.366074831971318,-0.45113972688906046,,73.0676811896309,,Sell,2020-04-13,2020-04-19
2020-04-20,21.0,21.0,21.0,21.0,21.297693183131805,21.0,21.0,22.020000000000003,9.366074831971318,-0.4238032987726932,,73.65340753448974,,Sell,2020-04-20,2020-04-26
2020-04-27,21.0,21.0,21.0,21.0,21.269341451404966,21.0,21.0,21.9,9.366074831971318,-0.39755620211431264,,74.19729628328726,,Sell,2020-04-27,2020-05-03
2020-05-04,21.0,21.0,21.0,21.0,21.243689884604493,21.0,21.0,21.7875,9.366074831971318,-0.3724616824860725,,74.70233583574209,,Sell,2020-05-04,2020-05-10
2020-05-11,21.0,21.0,21.0,21.0,21.22048132416597,21.0,21.0,21.6825,9.366074831971318,-0.34855615648120164,,75.17130113445013,,Sell,2020-05-11,2020-05-17
2020-05-18,21.0,21.0,21.0,21.0,21.19948310281683,21.0,21.0,21.585,9.366074831971318,-0.3258546058337224,,75.60676891182189,,Sell,2020-05-18,2020-05-24
2020-05-25,21.0,21.0,21.0,21.0,21.18048471207237,21.0,21.0,21.495,9.366074831971318,-0.30435504785254963,,76.01113184795281,,Sell,2020-05-25,2020-05-31
2020-06-01,21.0,21.0,21.0,21.0,21.163295691875003,21.0,21.0,21.4125,9.366074831971318,-0.2840422312251043,,76.38661171721724,,Sell,2020-06-01,2020-06-07
2020-06-08,21.0,21.0,21.0,21.0,21.14774372122024,21.0,21.0,21.3375,9.366074831971318,-0.26489068279932937,,76.73527159581991,,Sell,2020-06-08,2020-06-14
2020-06-15,21.0,21.0,21.0,21.0,21.13367289062784,21.0,21.0,21.270000000000003,9.366074831971318,-0.24686721115179466,,77.05902719737955,,Sell,2020-06-15,2020-06-21
2020-06-22,21.0,21.0,21.0,21.0,21.120942139139473,21.0,21.0,21.21,9.366074831971318,-0.22993295603020059,,77.35965739882779,,Sell,2020-06-22,2020-06-28
2020-06-29,21.0,21.0,21.0,21.0,21.109423840173807,21.0,21.0,21.157500000000002,9.366074831971318,-0.2140450586439897,,77.63881401445829,,Sell,2020-06-29,2020-07-05
2020-07-06,21.0,21.0,21.0,21.0,21.099002522062015,21.0,21.0,21.1125,9.366074831971318,-0.1991580158639792,,77.89803087182948,,Sell,2020-07-06,2020-07-12
2020-07-13,16.0,16.0,16.0,20.75,20.613383234246584,20.523809523809526,20.25,21.0625,0.49914043180139345,-0.5840851702002752,-666.6666666666667,79.40543717511085,0.0,Buy,2020-07-13,2020-07-19
2020-07-20,16.0,16.0,16.0,20.5,20.17401340241358,20.071428571428573,19.5,21.0075,0.49914043180139345,-0.8790100327691661,-333.3333333333333,80.80517159958642,0.0,Buy,2020-07-20,2020-07-26
2020-07-27,16.0,16.0,16.0,20.25,19.776488316469425,19.642857142857142,18.75,20.9475,0.49914043180139345,-1.1000593121861684,-222.22222222222223,82.1049249937423,0.0,Buy,2020-07-27,2020-08-02
2020-08-03,16.0,16.0,16.0,20.0,19.416822762519956,19.238095238095237,18.0,20.8825,0.49914043180139345,-1.2607097811062005,-166.66666666666666,83.31183885974419,0.0,Buy,2020-08-03,2020-08-09
2020-08-10,16.0,16.0,16.0,19.75,19.091411070851386,18.857142857142858,17.25,20.8125,0.49914043180139345,-1.3722084700765294,-133.33333333333334,84.43254459246022,0.0,Buy,2020-08-10,2020-08-16
2020-08-17,16.0,16.0,16.0,19.5,18.796990968865536,18.5,16.5,20.7375,0.49914043180139345,-1.4439272894113842,-111.11111111111111,85.47319991569654,0.0,Buy,2020-08-17,2020-08-23
2020-08-24,16.0,16.0,16.0,19.25,18.530610876592625,18.166666666666668,15.75,20.65,0.49914043180139345,-1.4836622357345775,-95.23809523809526,86.43952271584455,0.0,Buy,2020-08-24,2020-08-30
2020-08-31,16.0,16.0,16.0,19.0,18.289600316917138,17.857142857142858,15.0,20.55,0.49914043180139345,-1.4978857721902372,-83.33333333333334,87.33682245883914,0.0,Buy,2020-08-31,2020-09-06
2020-09-07,16.0,16.0,16.0,18.75,18.071543143877413,17.571428571428573,14.25,20.4375,0.49914043180139345,-1.4919596452288317,-74.07407407407408,88.17002936304839,0.0,Buy,2020-09-07,2020-09-13
2020-09-14,16.0,16.0,16.0,18.5,17.874253320650993,17.30952380952381,13.5,20.3125,0.49914043180139345,-1.4703142791453558,-66.66666666666667,88.94372148838555,0.0,Buy,2020-09-14,2020-09-20
2020-09-21,16.0,16.0,16.0,18.25,17.69575300439852,17.071428571428573,13.75,20.175,0.49914043180139345,-1.43659994071362,-60.60606060606061,89.66214989048434,0.0,Buy,2020-09-21,2020-09-27
2020-09-28,16.0,16.0,16.0,18.0,17.53425271826533,16.857142857142858,14.0,20.025,0.49914043180139345,-1.3938140637005674,-55.55555555555556,90.32926197814751,0.0,Buy,2020-09-28,2020-10-04
2020-10-05,16.0,16.0,16.0,17.75,17.388133411763867,16.666666666666668,14.25,19.8625,0.49914043180139345,-1.344408444232215,-51.28205128205129,90.94872320240617,0.0,Buy,2020-10-05,2020-10-11
2020-10-12,16.0,16.0,16.0,17.5,17.255930229691117,16.5,14.5,19.6875,0.49914043180139345,-1.2903794438597735,-47.61904761904762,91.52393719636063,,Buy,2020-10-12,2020-10-18
2020-10-19,16.0,16.0,16.0,17.25,17.13631782686339,16.357142857142858,14.75,19.5,0.49914043180139345,-1.2333438516151602,-44.44444444444445,92.05806447646123,,Buy,2020-10-19,2020-10-25
2020-10-26,16.0,16.0,16.0,17.0,17.02809708144783,16.238095238095237,15.0,19.3,0.49914043180139345,-1.174602645707104,-41.666666666666664,92.55403980798319,,Sell,2020-10-26,2020-11-01
2020-11-02,16.0,16.0,16.0,16.75,16.93018307369089,16.142857142857142,15.25,19.0875,0.49914043180139345,-1.1151945482497112,-39.21568627450981,93.01458833011073,,Sell,2020-11-02,2020-11-08
2020-11-09,16.0,16.0,16.0,16.5,16.841594209529852,16.071428571428573,15.5,18.8625,0.49914043180139345,-1.0559409727688518,-37.03703703703704,93.44224052922915,,Sell,2020-11-09,2020-11-15
2020-11-16,16.0,16.0,16.0,16.25,16.761442380050816,16.023809523809526,15.75,18.625,0.49914043180139345,-0.997483715936049,-35.08771929824562,93.83934614269627,,Sell,2020-11-16,2020-11-22
2020-11-23,16.0,16.0,16.0,16.0,16.688924058141215,16.0,16.0,18.375,0.49914043180139345,-0.9403165350449818,,94.20808706948716,,Sell,2020-11-23,2020-11-29
2020-11-30,16.0,16.0,16.0,16.0,16.623312243080147,16.0,16.0,18.1375,0.49914043180139345,-0.8848115752580199,,94.55048935865013,,Sell,2020-11-30,2020-12-06
2020-12-07,16.0,16.0,16.0,16.0,16.563949172310608,16.0,16.0,17.9125,0.49914043180139345,-0.8312414606071776,,94.86843434144431,,Sell,2020-12-07,2020-12-13
2020-12-14,16.0,16.0,16.0,16.0,16.510239727328646,16.0,16.0,17.7,0.49914043180139345,-0.7797977359023065,,95.16366896832463,,Sell,2020-12-14,2020-12-20
2020-12-21,16.0,16.0,16.0,16.0,16.46164546758306,16.0,16.0,17.5,0.49914043180139345,-0.7306062394993162,,95.43781540757064,,Sell,2020-12-21,2020-12-27
2020-12-28,16.0,16.0,16.0,16.0,16.41767923257515,16.0,16.0,17.3125,0.49914043180139345,-0.6837398962833099,,95.69237995829907,,Sell,2020-12-28,2021-01-03
2021-01-04,16.0,16.0,16.0,16.0,16.377900258044185,16.0,16.0,17.1375,0.49914043180139345,-0.6392293436635512,,95.92876132683261,,Sell,2021-01-04,2021-01-10
2021-01-11,16.0,16.0,16.0,16.0,16.341909757278074,16.0,16.0,16.975,0.49914043180139345,-0.5970717386917919,,96.14825831189947,,Sell,2021-01-11,2021-01-17
2021-01-18,16.0,16.0,16.0,16.0,16.30934692325159,16.0,16.0,16.825,0.49914043180139345,-0.5572380397687091,,96.35207694089013,,Sell,2021-01-18,2021-01-24
2021-01-25,16.0,16.0,16.0,16.0,16.27988531151334,16.0,16.0,16.6875,0.49914043180139345,-0.5196790102447153,,96.54133709638145,,Sell,2021-01-25,2021-01-31
2021-02-01,16.0,16.0,16.0,16.0,16.25322956755969,16.0,16.0,16.5625,0.49914043180139345,-0.4843301522387975,,96.71707866933768,,Sell,2021-02-01,2021-02-07
2021-02-08,16.0,16.0,16.0,16.0,16.22911246588734,16.0,16.0,16.45,0.49914043180139345,-0.4511157460832891,,96.88026727279704,,Sell,2021-02-08,2021-02-14
2021-02-15,16.0,16.0,16.0,16.0,16.207292231040928,16.0,16.0,16.35,0.49914043180139345,-0.4199521430146369,,97.03179954743788,,Sell,2021-02-15,2021-02-21
2021-02-22,16.0,16.0,16.0,16.0,16.187550113798935,16.0,16.0,16.2625,0.49914043180139345,-0.39075043527691733,,97.1725080881758,,Sell,2021-02-22,2021-02-28
2021-03-01,16.0,16.0,16.0,16.0,16.169688198199037,16.0,16.0,16.1875,0.49914043180139345,-0.363418608014868,,97.30316601886102,,Sell,2021-03-01,2021-03-07
2021-03-08,16.0,16.0,16.0,16.0,16.153527417418175,16.0,16.0,16.125,0.49914043180139345,-0.33786326063844996,,97.42449124021157,,Sell,2021-03-08,2021-03-14
2021-03-15,16.0,16.0,16.0,16.0,16.138905758616445,16.0,16.0,16.075,0.49914043180139345,-0.3139909712621858,,97.53715037432279,,Sell,2021-03-15,2021-03-21
2021-03-22,16.0,16.0,16.0,16.0,16.12567663874821,16.0,16.0,16.0375,0.49914043180139345,-0.29170936595300745,,97.64176242742607,,Sell,2021-03-22,2021-03-28
2021-03-29,16.0,16.0,16.0,16.0,16.113707435057904,16.0,16.0,16.0125,0.49914043180139345,-0.27092794451758095,,97.73890219102198,,Sell,2021-03-29,2021-04-04
2021-04-05,16.0,16.0,16.0,16.0,16.10287815552858,16.0,16.0,16.0,0.49914043180139345,-0.25155870613349407,,97.82910340007531,,Sell,2021-04-05,2021-04-11
2021-04-12,16.0,16.0,16.0,16.0,16.093080235954428,16.0,16.0,16.0,0.49914043180139345,-0.23351661103333043,,97.91286166562485,,Sell,2021-04-12,2021-04-18
2021-04-19,16.0,16.0,16.0,16.0,16.084215451577816,16.0,16.0,16.0,0.49914043180139345,-0.21671990847869083,,97.99063719792083,,Sell,2021-04-19,2021-04-25
2021-04-26,16.0,16.0,16.0,16.0,16.076194932379927,16.0,16.0,16.0,0.49914043180139345,-0.20109035623811877,,98.06285733505283,,Sell,2021-04-26,2021-05-02
2021-05-03,16.0,16.0,16.0,16.0,16.068938272153268,16.0,16.0,16.0,0.49914043180139345,-0.18655335255974137,,98.12991889096111,,Sell,2021-05-03,2021-05-09
2021-05-10,16.0,16.0,16.0,16.0,16.062372722424385,16.0,16.0,16.0,0.49914043180139345,-0.17303799808169984,,98.19219033573309,,Sell,2021-05-10,2021-05-16
2021-05-17,16.0,16.0,16.0,16.0,16.056432463145875,16.0,16.0,16.0,0.49914043180139345,-0.16047710214498068,,98.25001382016421,,Sell,2021-05-17,2021-05-23
2021-05-24,16.0,16.0,16.0,16.0,16.051057942846267,16.0,16.0,16.0,0.49914043180139345,-0.14880714547496154,,98.30370705570739,,Sell,2021-05-24,2021-05-30
2021-05-31,16.0,16.0,16.0,16.0,16.046195281622815,16.0,16.0,16.0,0.49914043180139345,-0.1379682091041481,,98.35356506014034,,Sell,2021-05-31,2021-06-06
2021-06-07,16.0,16.0,16.0,16.0,16.04179573099207,16.0,16.0,16.0,0.49914043180139345,-0.12790387765574707,,98.39986177854236,,Sell,2021-06-07,2021-06-13
2021-06-14,16.0,16.0,16.0,16.0,16.0378151851833,16.0,16.0,16.0,0.49914043180139345,-0.11856112364169036,,98.4428515884871,,Sell,2021-06-14,2021-06-20
2021-06-21,16.0,16.0,16.0,16.0,16.034213738975367,16.0,16.0,16.0,0.49914043180139345,-0.10989017820455871,,98.4827706977215,,Sell,2021-06-21,2021-06-27
2021-06-28,16.0,16.0,16.0,16.0,16.03095528764438,16.0,16.0,16.0,0.49914043180139345,-0.10184439271159818,,98.5198384420106,,Sell,2021-06-28,2021-07-04
2021-07-05,16.0,16.0,16.0,16.0,16.028007165011584,16.0,16.0,16.0,0.49914043180139345,-0.09438009475886133,,98.55425849027904,,Sell,2021-07-05,2021-07-11
2021-07-12,16.0,16.0,16.0,16.0,16.02533981596286,16.0,16.0,16.0,0.49914043180139345,-0.08745644143681375,,98.58621996367117,,Sell,2021-07-12,2021-07-18
2021-07-19,16.0,16.0,16.0,16.0,16.02292650015687,16.0,16.0,16.0,0.49914043180139345,-0.08103527212254136,,98.61589847467815,,Sell,2021-07-19,2021-07-25
2021-07-26,16.0,16.0,16.0,16.0,16.020743023951454,16.0,16.0,16.0,0.49914043180139345,-0.07508096257862462,,98.64345709204176,,Sell,2021-07-26,2021-08-01
2021-08-02,16.0,16.0,16.0,16.0,16.01876749786084,16.0,16.0,16.0,0.49914043180139345,-0.06956028173847884,,98.66904723673655,,Sell,2021-08-02,2021-08-08
2021-08-09,16.0,16.0,16.0,16.0,16.01698011711219,16.0,16.0,16.0,0.49914043180139345,-0.06444225222852396,,98.69280951395312,,Sell,2021-08-09,2021-08-15
2021-08-16,16.0,16.0,16.0,16.0,16.015362963101506,16.0,16.0,16.0,0.49914043180139345,-0.05969801540757658,,98.71487448565424,,Sell,2021-08-16,2021-08-22
2021-08-23,16.0,16.0,16.0,16.0,16.013899823758507,16.0,16.0,16.0,0.49914043180139345,-0.05530070148338595,,98.73536338794813,,Sell,2021-08-23,2021-08-29
2021-08-30,16.0,16.0,16.0,16.0,16.012576031019602,16.0,16.0,16.0,0.49914043180139345,-0.051225305087132966,,98.75438879722103,,Sell,2021-08-30,2021-09-05
2021-09-06,16.0,16.0,16.0,16.0,16.011378313779637,16.0,16.0,16.0,0.49914043180139345,-0.04744856654206586,,98.77205524868872,,Sell,2021-09-06,2021-09-12
2021-09-13,16.0,16.0,16.0,16.0,16.010294664848246,16.0,16.0,16.0,0.49914043180139345,-0.043948858946446734,,98.78845981076586,,Sell,2021-09-13,2021-09-19
2021-09-20,16.0,16.0,16.0,16.0,16.009314220576982,16.0,16.0,16.0,0.49914043180139345,-0.04070608109863727,,98.80369261840892,,Sell,2021-09-20,2021-09-26
2021-09-27,16.0,16.0,16.0,16.0,16.008427151950603,16.0,16.0,16.0,0.49914043180139345,-0.037701556219598586,,98.81783736836319,,Sell,2021-09-27,2021-10-03
2021-10-04,16.0,16.0,16.0,16.0,16.007624566050545,16.0,16.0,16.0,0.49914043180139345,-0.03491793637169849,,98.83097177903501,,Sell,2021-10-04,2021-10-10
2021-10-11,16.0,16.0,16.0,16.0,16.006898416902875,16.0,16.0,16.0,0.49914043180139345,-0.03233911242964638,,98.84316801751599,,Sell,2021-10-11,2021-10-17
2021-10-18,16.0,16.0,16.0,16.0,16.006241424816885,16.0,16.0,16.0,0.49914043180139345,-0.029950129427415817,,98.85449309610547,,Sell,2021-10-18,2021-10-24
2021-10-25,16.0,16.0,16.0,16.0,16.005647003405755,16.0,16.0,16.0,0.49914043180139345,-0.0277371070817658,,98.86500924050999,,Sell,2021-10-25,2021-10-31
2021-11-01,16.0,16.0,16.0,16.0,16.005109193557587,16.0,16.0,16.0,0.49914043180139345,-0.02568716527726167,,98.87477423174276,,Sell,2021-11-01,2021-11-07
2021-11-08,16.0,16.0,16.0,16.0,16.004622603694962,16.0,16.0,16.0,0.49914043180139345,-0.023788354287667346,,98.88384172360176,,Sell,2021-11-08,2021-11-14
2021-11-15,16.0,16.0,16.0,16.0,16.004182355724012,16.0,16.0,16.0,0.49914043180139345,-0.02202958950336864,,98.89226153747083,,Sell,2021-11-15,2021-11-21
2021-11-22,16.0,16.0,16.0,16.0,16.00378403613125,16.0,16.0,16.0,0.49914043180139345,-0.02040059043301312,,98.90007993606353,,Sell,2021-11-22,2021-11-28
2021-11-29,16.0,16.0,16.0,16.0,16.003423651737798,16.0,16.0,16.0,0.49914043180139345,-0.018891823749022763,,98.90733987761391,,Sell,2021-11-29,2021-12-05
2021-12-06,16.0,16.0,16.0,16.0,16.003097589667533,16.0,16.0,16.0,0.49914043180139345,-0.017494450150465468,,98.91408125191069,,Sell,2021-12-06,2021-12-12
2021-12-13,16.0,16.0,16.0,16.0,16.002802581127767,16.0,16.0,16.0,0.49914043180139345,-0.016200274822246286,,98.92034109947198,,Sell,2021-12-13,2021-12-19
2021-12-20,16.0,16.0,16.0,16.0,16.00253566863941,16.0,16.0,16.0,0.49914043180139345,-0.01500170127652467,,98.92615381506461,,Sell,2021-12-20,2021-12-26
2021-12-27,16.0,16.0,16.0,16.0,16.002294176388038,16.0,16.0,16.0,0.49914043180139345,-0.013891688370026856,,98.93155133668633,,Sell,2021-12-27,2022-01-02
2022-01-03,16.0,16.0,16.0,16.0,16.0020756833987,16.0,16.0,16.0,0.49914043180139345,-0.012863710299470199,,98.93656332104935,,Sell,2022-01-03,2022-01-09
2022-01-10,16.0,16.0,16.0,16.0,16.001877999265492,16.0,16.0,16.0,0.49914043180139345,-0.011911719386073827,,98.94121730652931,,Sell,2022-01-10,2022-01-16
2022-01-17,16.0,16.0,16.0,16.0,16.00169914219259,16.0,16.0,16.0,0.49914043180139345,-0.011030111469473525,,98.94553886447498,,Sell,2022-01-17,2022-01-23
2022-01-24,16.0,16.0,16.0,16.0,16.001537319126626,16.0,16.0,16.0,0.49914043180139345,-0.0102136937402868,,98.94955173971026,,Sell,2022-01-24,2022-01-30
2022-01-31,16.0,16.0,16.0,16.0,16.001390907781236,16.0,16.0,16.0,0.49914043180139345,-0.009457654850010044,,98.95327798100016,,Sell,2022-01-31,2022-02-06
2022-02-07,16.0,16.0,16.0,16.0,16.001258440373498,16.0,16.0,16.0,0.49914043180139345,-0.008757537145662297,,98.95673806219791,,Sell,2022-02-07,2022-02-13
2022-02-14,16.0,16.0,16.0,16.0,16.001138588909356,16.0,16.0,16.0,0.49914043180139345,-0.008109210885606899,,98.95995099473869,,Sell,2022-02-14,2022-02-20
2022-02-21,16.0,16.0,16.0,16.0,16.00103015187037,16.0,16.0,16.0,0.49914043180139345,-0.007508850301398695,,98.96293443209798,,Sell,2022-02-21,2022-02-27
2022-02-28,16.0,16.0,16.0,16.0,16.00093204216843,16.0,16.0,16.0,0.49914043180139345,-0.006952911378711235,,98.96570476678876,,Sell,2022-02-28,2022-03-06
2022-03-07,16.0,16.0,16.0,16.0,16.00084327624763,16.0,16.0,16.0,0.49914043180139345,-0.006438111238388444,,98.9682772204302,,Sell,2022-03-07,2022-03-13
2022-03-14,16.0,16.0,16.0,16.0,16.000762964224045,16.0,16.0,16.0,0.49914043180139345,-0.005961409006076224,,98.97066592738294,,Sell,2022-03-14,2022-03-20
2022-03-21,16.0,16.0,16.0,16.0,16.000690300964614,16.0,16.0,16.0,0.49914043180139345,-0.005519988066158277,,98.9728840124105,,Sell,2022-03-21,2022-03-27
2022-03-28,16.0,16.0,16.0,16.0,16.000624558015602,16.0,16.0,16.0,0.49914043180139345,-0.005111239602506146,,98.97494366279322,,Sell,2022-03-28,2022-04-03
2022-04-04,16.0,16.0,16.0,16.0,16.00056507629983,16.0,16.0,16.0,0.49914043180139345,-0.004732747334944776,,98.97685619529148,,Sell,2022-04-04,2022-04-10
2022-04-11,16.0,16.0,16.0,16.0,16.000511259509366,16.0,16.0,16.0,0.49914043180139345,-0.0043822733665166425,,98.97863211832556,,Sell,2022-04-11,2022-04-17
2022-04-18,16.0,16.0,16.0,16.0,16.000462568127524,16.0,16.0,16.0,0.49914043180139345,-0.004057745062283402,,98.98028118971436,,Sell,2022-04-18,2022-04-24
2022-04-25,16.0,16.0,16.0,16.0,16.00041851402014,16.0,16.0,16.0,0.49914043180139345,-0.003757242885892964,,98.98181247028968,,Sell,2022-04-25,2022-05-01
2022-05-02,16.0,16.0,16.0,16.0,16.00037865554203,16.0,16.0,16.0,0.49914043180139345,-0.0034789891250675,,98.98323437368104,,Sell,2022-05-02,2022-05-08
2022-05-09,16.0,16.0,16.0,16.0,16.000342593109455,16.0,16.0,16.0,0.49914043180139345,-0.003221337442081307,,98.98455471254445,,Sell,2022-05-09,2022-05-15
2022-05-16,16.0,16.0,16.0,16.0,16.00030996519427,16.0,16.0,16.0,0.49914043180139345,-0.0029827631896921503,,98.98578074148905,,Sell,2022-05-16,2022-05-22
2022-05-23,16.0,16.0,16.0,16.0,16.000280444699577,16.0,16.0,16.0,0.49914043180139345,-0.002761854437082434,,98.9869191969376,,Sell,2022-05-23,2022-05-29
2022-05-30,16.0,16.0,16.0,16.0,16.00025373568057,16.0,16.0,16.0,0.49914043180139345,-0.0025573036544166428,,98.98797633413983,,Sell,2022-05-30,2022-06-05
2022-06-06,16.0,16.0,16.0,16.0,16.00022957037766,16.0,16.0,16.0,0.49914043180139345,-0.002367900008117374,,98.9889579615419,,Sell,2022-06-06,2022-06-12
2022-06-13,16.0,16.0,16.0,16.0,16.000207706532166,16.0,16.0,16.0,0.49914043180139345,-0.0021925222224581375,,98.98986947270096,,Sell,2022-06-13,2022-06-19
2022-06-20,16.0,16.0,16.0,16.0,16.00018792495767,16.0,16.0,16.0,0.49914043180139345,-0.002030131966204607,,98.99071587592009,,Sell,2022-06-20,2022-06-26
2022-06-27,16.0,16.0,16.0,16.0,16.000170027342655,16.0,16.0,16.0,0.49914043180139345,-0.0018797677259385637,,98.99150182176642,,Sell,2022-06-27,2022-07-03
2022-07-04,16.0,16.0,16.0,16.0,16.000153834262402,16.0,16.0,16.0,0.49914043180139345,-0.0017405391305622686,,98.99223162862373,,Sell,2022-07-04,2022-07-10
2022-07-11,16.0,16.0,16.0,16.0,16.00013918338027,16.0,16.0,16.0,0.49914043180139345,-0.0016116216939465744,,98.9929093064198,,Sell,2022-07-11,2022-07-17
2022-07-18,16.0,16.0,16.0,16.0,16.000125927820243,16.0,16.0,16.0,0.49914043180139345,-0.0014922519451019411,,98.99353857865901,,Sell,2022-07-18,2022-07-24
2022-07-25,16.0,16.0,16.0,16.0,16.000113934694504,16.0,16.0,16.0,0.49914043180139345,-0.0013817229174328816,,98.99412290288113,,Sell,2022-07-25,2022-07-31
2022-08-01,16.0,16.0,16.0,16.0,16.00010308377122,16.0,16.0,16.0,0.49914043180139345,-0.001279379970767991,,98.99466548965881,,Sell,2022-08-01,2022-08-07
2022-08-08,16.0,16.0,16.0,16.0,16.000093266269197,16.0,16.0,16.0,0.49914043180139345,-0.0011846169217193392,,98.9951693202381,,Sell,2022-08-08,2022-08-14
2022-08-15,16.0,16.0,16.0,16.0,16.00008438376737,16.0,16.0,16.0,0.49914043180139345,-0.0010968724596835955,,98.99563716291887,,Sell,2022-08-15,2022-08-21
2022-08-22,16.0,16.0,16.0,16.0,16.000076347218098,16.0,16.0,16.0,0.49914043180139345,-0.0010156268274954527,,98.9960715882653,,Sell,2022-08-22,2022-08-28
2022-08-29,16.0,16.0,16.0,16.0,16.00006907605447,16.0,16.0,16.0,0.49914043180139345,-0.0009403987472609288,,98.99647498322983,,Sell,2022-08-29,2022-09-04
2022-09-05,16.0,16.0,16.0,16.0,16.000062497382615,16.0,16.0,16.0,0.49914043180139345,-0.0008707425733192053,,98.99684956426833,,Sell,2022-09-05,2022-09-11
2022-09-12,16.0,16.0,16.0,16.0,16.000056545250935,16.0,16.0,16.0,0.49914043180139345,-0.0008062456555748554,,98.99719738951835,,Sell,2022-09-12,2022-09-18
2022-09-19,16.0,16.0,16.0,16.0,16.000051159988942,16.0,16.0,16.0,0.49914043180139345,-0.0007465258977354949,,98.99752037010765,,Sell,2022-09-19,2022-09-25
2022-09-26,16.0,16.0,16.0,16.0,16.000046287609045,16.0,16.0,16.0,0.49914043180139345,-0.0006912294960343957,,98.99782028065488,,Sell,2022-09-26,2022-10-02
2022-10-03,16.0,16.0,16.0,16.0,16.000041879265325,16.0,16.0,16.0,0.49914043180139345,-0.0006400288451722247,,98.99809876902016,,Sell,2022-10-03,2022-10-09
2022-10-10,16.0,16.0,16.0,16.0,16.000037890763863,16.0,16.0,16.0,0.49914043180139345,-0.0005926205991144684,,98.99835736535934,,Sell,2022-10-10,2022-10-16
2022-10-17,16.0,16.0,16.0,16.0,16.000034282119685,16.0,16.0,16.0,0.49914043180139345,-0.0005487238752870383,,98.99859749053144,,Sell,2022-10-17,2022-10-23
2022-10-24,16.0,16.0,16.0,16.0,16.000031017155905,16.0,16.0,16.0,0.49914043180139345,-0.0005080785916611319,,98.99882046390553,,Sell,2022-10-24,2022-10-30
2022-10-31,16.0,16.0,16.0,16.0,16.00002806314106,16.0,16.0,16.0,0.49914043180139345,-0.0004704439268081728,,98.99902751061005,,Sell,2022-10-31,2022-11-06
2022-11-07,16.0,16.0,16.0,16.0,16.00002539046096,16.0,16.0,16.0,0.49914043180139345,-0.0004355968939258048,,98.99921976826424,,Sell,2022-11-07,2022-11-13
2022-11-14,16.0,16.0,16.0,16.0,16.00002297232182,16.0,16.0,16.0,0.49914043180139345,-0.0004033310203688245,,98.99939829322885,,Sell,2022-11-14,2022-11-20
2022-11-21,16.0,16.0,16.0,16.0,16.000020784481645,16.0,16.0,16.0,0.49914043180139345,-0.00037345512489750377,,98.99956406641027,,Sell,2022-11-21,2022-11-27
2022-11-28,16.0,16.0,16.0,16.0,16.0000188050072,16.0,16.0,16.0,0.49914043180139345,-0.00034579218542774015,,98.99971799865015,,Sell,2022-11-28,2022-12-04
2022-12-05,16.0,16.0,16.0,16.0,16.000017014054134,16.0,16.0,16.0,0.49914043180139345,-0.00032017829056840696,,98.99986093573004,,Sell,2022-12-05,2022-12-11
2022-12-12,16.0,16.0,16.0,16.0,16.000015393668026,16.0,16.0,16.0,0.49914043180139345,-0.00029646166877839164,,98.99999366301851,,Sell,2022-12-12,2022-12-18
2022-12-19,16.0,16.0,16.0,16.0,16.000013927604407,16.0,16.0,16.0,0.49914043180139345,-0.00027450178938082104,,99.00011690978639,,Sell,2022-12-19,2022-12-25
2022-12-26,16.0,16.0,16.0,16.0,16.000012601165892,16.0,16.0,16.0,0.49914043180139345,-0.00025416853014803564,,99.0002313532137,,Sell,2022-12-26,2023-01-01
2023-01-02,16.0,16.0,16.0,16.0,16.000011401054856,16.0,16.0,16.0,0.49914043180139345,-0.0002353414064728554,,99.0003376221105,,Sell,2023-01-02,2023-01-08
2023-01-09,16.0,16.0,16.0,16.0,16.000010315240107,16.0,16.0,16.0,0.49914043180139345,-0.0002179088576497179,,99.0004363003718,,Sell,2023-01-09,2023-01-15
2023-01-16,16.0,16.0,16.0,16.0,16.000009332836285,16.0,16.0,16.0,0.49914043180139345,-0.0002017675859775636,,99.00052793018587,,Sell,2023-01-16,2023-01-22
2023-01-23,16.0,16.0,16.0,16.0,16.000008443994734,16.0,16.0,16.0,0.49914043180139345,-0.00018682194480135195,,99.00061301501322,,Sell,2023-01-23,2023-01-29
2023-01-30,16.0,16.0,16.0,16.0,16.000007639804757,16.0,16.0,16.0,0.49914043180139345,-0.00017298337185778223,,99.00069202235291,,Sell,2023-01-30,2023-02-05
2023-02-06,16.0,16.0,16.0,16.0,16.000006912204306,16.0,16.0,16.0,0.49914043180139345,-0.00016016986459987947,,99.00076538631119,,Sell,2023-02-06,2023-02-12
2023-02-13,16.0,16.0,16.0,16.0,16.000006253899134,16.0,16.0,16.0,0.49914043180139345,-0.0001483054943633988,,99.00083350998672,,Sell,2023-02-13,2023-02-19
2023-02-20,16.0,16.0,16.0,16.0,16.000005658289695,16.0,16.0,16.0,0.49914043180139345,-0.0001373199564937977,,99.00089676768543,,Sell,2023-02-20,2023-02-26
2023-02-27,16.0,16.0,16.0,16.0,16.00000511940496,16.0,16.0,16.0,0.49914043180139345,-0.0001271481538118735,,99.00095550697709,,Sell,2023-02-27,2023-03-05
2023-03-06,16.0,16.0,16.0,16.0,16.000004631842582,16.0,16.0,16.0,0.49914043180139345,-0.00011772981092406098,,99.00101005060506,,Sell,2023-03-06,2023-03-12
2023-03-13,16.0,16.0,16.0,16.0,16.00000419071472,16.0,16.0,16.0,0.49914043180139345,-0.00010900911708588978,,99.00106069825961,,Sell,2023-03-13,2023-03-19
2023-03-20,16.0,16.0,16.0,16.0,16.00000379159903,16.0,16.0,16.0,0.49914043180139345,-0.00010093439550828975,,99.00110772822454,,Sell,2023-03-20,2023-03-26
2023-03-27,16.0,16.0,16.0,16.0,16.00000343049436,16.0,16.0,16.0,0.49914043180139345,-9.34577971776207e-05,,99.00115139890626,,Sell,2023-03-27,2023-04-02
2023-04-03,16.0,16.0,16.0,16.0,16.00000310378061,16.0,16.0,16.0,0.49914043180139345,-8.653501731714641e-05,,99.00119195025357,,Sell,2023-04-03,2023-04-09
2023-04-10,16.0,16.0,16.0,16.0,16.000002808182458,16.0,16.0,16.0,0.49914043180139345,-8.012503290188988e-05,,99.00122960507609,,Sell,2023-04-10,2023-04-16
2023-04-17,16.0,16.0,16.0,16.0,16.00000254073651,16.0,16.0,16.0,0.49914043180139345,-7.418985954643631e-05,,99.00126457026842,,Sell,2023-04-17,2023-04-23
2023-04-24,16.0,16.0,16.0,16.0,16.000002298761604,16.0,16.0,16.0,0.49914043180139345,-6.869432646539053e-05,,99.00129703794701,,Sell,2023-04-24,2023-04-30
2023-05-01,16.0,16.0,16.0,16.0,16.00000207983193,16.0,16.0,16.0,0.49914043180139345,-6.360586805698176e-05,,99.0013271865057,,Sell,2023-05-01,2023-05-07
2023-05-08,16.0,16.0,16.0,16.0,16.0000018817527,16.0,16.0,16.0,0.49914043180139345,-5.889433091965657e-05,,99.00135518159593,,Sell,2023-05-08,2023-05-14
2023-05-15,16.0,16.0,16.0,16.0,16.000001702538157,16.0,16.0,16.0,0.49914043180139345,-5.4531795203871525e-05,,99.00138117703683,,Sell,2023-05-15,2023-05-21
2023-05-22,16.0,16.0,16.0,16.0,16.000001540391665,16.0,16.0,16.0,0.49914043180139345,-5.0492409158664486e-05,,99.00140531566055,,Sell,2023-05-22,2023-05-28
2023-05-29,16.0,16.0,16.0,16.0,16.000001393687697,16.0,16.0,16.0,0.49914043180139345,-4.6752235942193465e-05,,99.00142773009684,,Sell,2023-05-29,2023-06-04
2023-06-05,16.0,16.0,16.0,16.0,16.000001260955536,16.0,16.0,16.0,0.49914043180139345,-4.328911178319572e-05,,99.00144854350197,,Sell,2023-06-05,2023-06-11
2023-06-12,16.0,16.0,16.0,16.0,16.000001140864534,16.0,16.0,16.0,0.49914043180139345,-4.0082514662032054e-05,,99.0014678702353,,Sell,2023-06-12,2023-06-18
2023-06-19,16.0,16.0,16.0,16.0,16.00000103221077,16.0,16.0,16.0,0.49914043180139345,-3.711344267287586e-05,,99.0014858164877,,Sell,2023-06-19,2023-06-25
2023-06-26,16.0,16.0,16.0,16.0,16.000000933904982,16.0,16.0,16.0,0.49914043180139345,-3.436430145598024e-05,,99.00150248086491,,Sell,2023-06-26,2023-07-02
2023-07-03,16.0,16.0,16.0,16.0,16.00000084496165,16.0,16.0,16.0,0.49914043180139345,-3.181879991487335e-05,,99.00151795492947,,Sell,2023-07-03,2023-07-09
2023-07-10,16.0,16.0,16.0,16.0,16.000000764489112,16.0,16.0,16.0,0.49914043180139345,-2.9461853692680506e-05,,99.0015323237037,,Sell,2023-07-10,2023-07-16
2023-07-17,16.0,16.0,16.0,16.0,16.000000691680626,16.0,16.0,16.0,0.49914043180139345,-2.7279495785847985e-05,,99.00154566613692,,Sell,2023-07-17,2023-07-23
2023-07-24,16.0,16.0,16.0,16.0,16.00000062580628,16.0,16.0,16.0,0.49914043180139345,-2.5258793769467047e-05,,99.0015580555392,,Sell,2023-07-24,2023-07-30
2023-07-31,16.0,16.0,16.0,16.0,16.00000056620568,16.0,16.0,16.0,0.49914043180139345,-2.3387773172345305e-05,,99.00156955998418,,Sell,2023-07-31,2023-08-06
2023-08-07,16.0,16.0,16.0,16.0,16.000000512281332,16.0,16.0,16.0,0.49914043180139345,-2.16553465151037e-05,,99.00158024268308,,Sell,2023-08-07,2023-08-13
2023-08-14,16.0,16.0,16.0,16.0,16.000000463492633,16.0,16.0,16.0,0.49914043180139345,-2.005124760984245e-05,,99.00159016233205,,Sell,2023-08-14,2023-08-20
2023-08-21,16.0,16.0,16.0,16.0,16.000000419350478,16.0,16.0,16.0,0.49914043180139345,-1.8565970716366564e-05,,99.00159937343467,,Sell,2023-08-21,2023-08-27
2023-08-28,16.0,16.0,16.0,16.0,16.000000379412338,16.0,16.0,16.0,0.49914043180139345,-1.7190714221015924e-05,,99.0016079266014,,Sell,2023-08-28,2023-09-03
2023-09-04,16.0,16.0,16.0,16.0,16.00000034327783,16.0,16.0,16.0,0.49914043180139345,-1.591732848993388e-05,,99.00161586882764,,Sell,2023-09-04,2023-09-10
2023-09-11,16.0,16.0,16.0,16.0,16.000000310584703,16.0,16.0,16.0,0.49914043180139345,-1.4738267545055805e-05,,99.00162324375201,,Sell,2023-09-11,2023-09-17
2023-09-18,16.0,16.0,16.0,16.0,16.000000281005207,16.0,16.0,16.0,0.49914043180139345,-1.3646544381629155e-05,,99.00163009189605,,Sell,2023-09-18,2023-09-24
2023-09-25,16.0,16.0,16.0,16.0,16.000000254242806,16.0,16.0,16.0,0.49914043180139345,-1.2635689547124684e-05,,99.00163645088695,,Sell,2023-09-25,2023-10-01
2023-10-02,16.0,16.0,16.0,16.0,16.000000230029208,16.0,16.0,16.0,0.49914043180139345,-1.1699712800350426e-05,,99.00164235566422,,Sell,2023-10-02,2023-10-08
2023-10-09,16.0,16.0,16.0,16.0,16.000000208121662,16.0,16.0,16.0,0.49914043180139345,-1.0833067626947468e-05,,99.00164783867169,,Sell,2023-10-09,2023-10-15
2023-10-16,16.0,16.0,16.0,16.0,16.000000188300554,16.0,16.0,16.0,0.49914043180139345,-1.0030618359024857e-05,,99.00165293003576,,Sell,2023-10-16,2023-10-22
2023-10-23,16.0,16.0,16.0,16.0,16.000000170367166,16.0,16.0,16.0,0.49914043180139345,-9.287609746166936e-06,,99.00165765773097,,Sell,2023-10-23,2023-10-29
2023-10-30,16.0,16.0,16.0,16.0,16.000000154141723,16.0,16.0,16.0,0.49914043180139345,-8.59963878596659e-06,,99.00166204773367,,Sell,2023-10-30,2023-11-05
2023-11-06,16.0,16.0,16.0,16.0,16.00000013946156,16.0,16.0,16.0,0.49914043180139345,-7.962628615132417e-06,,99.00166612416476,,Sell,2023-11-06,2023-11-12
2023-11-13,16.0,16.0,16.0,16.0,16.000000126179508,16.0,16.0,16.0,0.49914043180139345,-7.3728043687992795e-06,,99.00166990942218,,Sell,2023-11-13,2023-11-19
2023-11-20,16.0,16.0,16.0,16.0,16.00000011416241,16.0,16.0,16.0,0.49914043180139345,-6.8266707913267055e-06,,99.00167342430407,,Sell,2023-11-20,2023-11-26
2023-11-27,16.0,16.0,16.0,16.0,16.0000001032898,16.0,16.0,16.0,0.49914043180139345,-6.320991541741705e-06,,99.00167668812298,,Sell,2023-11-27,2023-12-03
2023-12-04,16.0,16.0,16.0,16.0,16.000000093452677,16.0,16.0,16.0,0.49914043180139345,-5.852770001979479e-06,,99.00167971881197,,Sell,2023-12-04,2023-12-10
2023-12-11,16.0,16.0,16.0,16.0,16.000000084552422,16.0,16.0,16.0,0.49914043180139345,-5.419231531078594e-06,,99.00168253302317,,Sell,2023-12-11,2023-12-17
2023-12-18,16.0,16.0,16.0,16.0,16.00000007649981,16.0,16.0,16.0,0.49914043180139345,-5.017807012563935e-06,,99.00168514621929,,Sell,2023-12-18,2023-12-24
2023-12-25,16.0,16.0,16.0,16.0,16.000000069214114,16.0,16.0,16.0,0.49914043180139345,-4.6461176417267325e-06,,99.00168757275854,,Sell,2023-12-25,2023-12-31
2024-01-01,16.0,16.0,16.0,16.0,16.00000006262229,16.0,16.0,16.0,0.49914043180139345,-4.301960810693117e-06,,99.00168982597356,,Sell,2024-01-01,2024-01-07
2024-01-08,16.0,16.0,16.0,16.0,16.000000056658266,16.0,16.0,16.0,0.49914043180139345,-3.9832970699649195e-06,,99.00169191824465,,Sell,2024-01-08,2024-01-14
2024-01-15,16.0,16.0,16.0,16.0,16.00000005126224,16.0,16.0,16.0,0.49914043180139345,-3.6882380527458736e-06,,99.00169386106779,,Sell,2024-01-15,2024-01-21
2024-01-22,16.0,16.0,16.0,16.0,16.000000046380123,16.0,16.0,16.0,0.49914043180139345,-3.4150352519191074e-06,,99.00169566511786,,Sell,2024-01-22,2024-01-28
2024-01-29,16.0,16.0,16.0,16.0,16.00000004196297,16.0,16.0,16.0,0.49914043180139345,-3.162069692308478e-06,,99.00169734030722,,Sell,2024-01-29,2024-02-04
2024-02-05,16.0,16.0,16.0,16.0,16.000000037966498,16.0,16.0,16.0,0.49914043180139345,-2.92784232058807e-06,,99.00169889584018,,Sell,2024-02-05,2024-02-11
2024-02-12,16.0,16.0,16.0,16.0,16.00000003435064,16.0,16.0,16.0,0.49914043180139345,-2.7109651234979992e-06,,99.00170034026364,,Sell,2024-02-12,2024-02-18
2024-02-19,16.0,16.0,16.0,16.0,16.000000031079153,16.0,16.0,16.0,0.49914043180139345,-2.510152903312246e-06,,99.00170168151399,,Sell,2024-02-19,2024-02-25
2024-02-26,16.0,16.0,16.0,16.0,16.000000028119235,16.0,16.0,16.0,0.49914043180139345,-2.324215657267814e-06,,99.00170292696076,,Sell,2024-02-26,2024-03-03
2024-03-04,16.0,16.0,16.0,16.0,16.00000002544121,16.0,16.0,16.0,0.49914043180139345,-2.1520515431916465e-06,,99.00170408344705,,Sell,2024-03-04,2024-03-10
2024-03-11,16.0,16.0,16.0,16.0,16.000000023018238,16.0,16.0,16.0,0.49914043180139345,-1.9926403247438884e-06,,99.00170515732717,,Sell,2024-03-11,2024-03-17
2024-03-18,16.0,16.0,16.0,16.0,16.000000020826025,16.0,16.0,16.0,0.49914043180139345,-1.8450373460154879e-06,,99.00170615450156,,Sell,2024-03-18,2024-03-24
2024-03-25,16.0,16.0,16.0,16.0,16.000000018842595,16.0,16.0,16.0,0.49914043180139345,-1.708367918240583e-06,,99.00170708044922,,Sell,2024-03-25,2024-03-31
2024-04-01,16.0,16.0,16.0,16.0,16.000000017048063,16.0,16.0,16.0,0.49914043180139345,-1.5818221505981e-06,,99.00170794025776,,Sell,2024-04-01,2024-04-07
2024-04-08,16.0,16.0,16.0,16.0,16.000000015424437,16.0,16.0,16.0,0.49914043180139345,-1.4646501433901449e-06,,99.0017087386514,,Sell,2024-04-08,2024-04-14
2024-04-15,16.0,16.0,16.0,16.0,16.000000013955443,16.0,16.0,16.0,0.49914043180139345,-1.3561575435971918e-06,,99.00170948001691,,Sell,2024-04-15,2024-04-21
2024-04-22,16.0,16.0,16.0,16.0,16.00000001262635,16.0,16.0,16.0,0.49914043180139345,-1.255701430835643e-06,,99.00171016842775,,Sell,2024-04-22,2024-04-28
2024-04-29,16.0,16.0,16.0,16.0,16.000000011423843,16.0,16.0,16.0,0.49914043180139345,-1.1626865124014785e-06,,99.0017108076664,,Sell,2024-04-29,2024-05-05
2024-05-06,16.0,16.0,16.0,16.0,16.00000001033586,16.0,16.0,16.0,0.49914043180139345,-1.0765615883201463e-06,,99.00171140124515,,Sell,2024-05-06,2024-05-12
2024-05-13,16.0,16.0,16.0,16.0,16.000000009351492,16.0,16.0,16.0,0.49914043180139345,-9.968162828499771e-07,,99.0017119524254,,Sell,2024-05-13,2024-05-19
2024-05-20,16.0,16.0,16.0,16.0,16.000000008460873,16.0,16.0,16.0,0.49914043180139345,-9.229780388864128e-07,,99.00171246423564,,Sell,2024-05-20,2024-05-26
2024-05-27,16.0,16.0,16.0,16.0,16.000000007655075,16.0,16.0,16.0,0.49914043180139345,-8.546092935546312e-07,,99.001712939488,,Sell,2024-05-27,2024-06-02
2024-06-03,16.0,16.0,16.0,16.0,16.000000006926022,16.0,16.0,16.0,0.49914043180139345,-7.913048989394156e-07,,99.00171338079376,,Sell,2024-06-03,2024-06-09
2024-06-10,16.0,16.0,16.0,16.0,16.0000000062664,16.0,16.0,16.0,0.49914043180139345,-7.326897204507077e-07,,99.00171379057768,,Sell,2024-06-10,2024-06-16
2024-06-17,16.0,16.0,16.0,16.0,16.000000005669598,16.0,16.0,16.0,0.49914043180139345,-6.784164057194175e-07,,99.00171417109132,,Sell,2024-06-17,2024-06-23
2024-06-24,16.0,16.0,16.0,16.0,16.000000005129635,16.0,16.0,16.0,0.49914043180139345,-6.281633382343443e-07,,99.00171452442542,,Sell,2024-06-24,2024-06-30
2024-07-01,16.0,16.0,16.0,16.0,16.000000004641098,16.0,16.0,16.0,0.49914043180139345,-5.8163271887679e-07,,99.00171485252137,,Sell,2024-07-01,2024-07-07
2024-07-08,16.0,16.0,16.0,16.0,16.000000004199087,16.0,16.0,16.0,0.49914043180139345,-5.385488108800018e-07,,99.0017151571819,,Sell,2024-07-08,2024-07-14
2024-07-15,16.0,16.0,16.0,16.0,16.000000003799173,16.0,16.0,16.0,0.49914043180139345,-4.986563055808801e-07,,99.00171544008096,,Sell,2024-07-15,2024-07-21
2024-07-22,16.0,16.0,16.0,16.0,16.000000003437346,16.0,16.0,16.0,0.49914043180139345,-4.617187983058102e-07,,99.00171570277294,,Sell,2024-07-22,2024-07-28
2024-07-29,16.0,16.0,16.0,16.0,16.00000000310998,16.0,16.0,16.0,0.49914043180139345,-4.275174063650411e-07,,99.00171594670121,,Sell,2024-07-29,2024-08-04
2024-08-05,16.0,16.0,16.0,16.0,16.000000002813792,16.0,16.0,16.0,0.49914043180139345,-3.958494474431973e-07,,99.00171617320602,,Sell,2024-08-05,2024-08-11
2024-08-12,16.0,16.0,16.0,16.0,16.00000000254581,16.0,16.0,16.0,0.49914043180139345,-3.665272672037645e-07,,99.00171638353193,,Sell,2024-08-12,2024-08-18
2024-08-19,16.0,16.0,16.0,16.0,16.000000002303352,16.0,16.0,16.0,0.49914043180139345,-3.3937709886799894e-07,,99.00171657883456,,Sell,2024-08-19,2024-08-25
2024-08-26,16.0,16.0,16.0,16.0,16.000000002083986,16.0,16.0,16.0,0.49914043180139345,-3.1423805424424245e-07,,99.00171676018701,,Sell,2024-08-26,2024-09-01
2024-09-02,16.0,16.0,16.0,16.0,16.00000000188551,16.0,16.0,16.0,0.49914043180139345,-2.9096116094251556e-07,,99.0017169285857,,Sell,2024-09-02,2024-09-08
2024-09-09,16.0,16.0,16.0,16.0,16.00000000170594,16.0,16.0,16.0,0.49914043180139345,-2.6940848130152517e-07,,99.00171708495591,,Sell,2024-09-09,2024-09-15
2024-09-16,16.0,16.0,16.0,16.0,16.00000000154347,16.0,16.0,16.0,0.49914043180139345,-2.494522988172321e-07,,99.00171723015683,,Sell,2024-09-16,2024-09-22
2024-09-23,16.0,16.0,16.0,16.0,16.000000001396472,16.0,16.0,16.0,0.49914043180139345,-2.3097435075669637e-07,,99.00171736498625,,Sell,2024-09-23,2024-09-29
2024-09-30,16.0,16.0,16.0,16.0,16.000000001263473,16.0,16.0,16.0,0.49914043180139345,-2.1386513893162373e-07,,99.001717490185,,Sell,2024-09-30,2024-10-06
2024-10-07,16.0,16.0,16.0,16.0,16.000000001143142,16.0,16.0,16.0,0.49914043180139345,-1.9802327599904856e-07,,99.00171760644098,,Sell,2024-10-07,2024-10-13
2024-10-14,16.0,16.0,16.0,16.0,16.000000001034273,16.0,16.0,16.0,0.49914043180139345,-1.8335488505272224e-07,,99.00171771439295,,Sell,2024-10-14,2024-10-20
2024-10-21,16.0,16.0,16.0,16.0,16.00000000093577,16.0,16.0,16.0,0.49914043180139345,-1.6977303829435186e-07,,99.00171781463408,,Sell,2024-10-21,2024-10-27
2024-10-28,16.0,16.0,16.0,16.0,16.000000000846647,16.0,16.0,16.0,0.49914043180139345,-1.5719725610097157e-07,,99.00171790771513,,Sell,2024-10-28,2024-11-03
2024-11-04,16.0,16.0,16.0,16.0,16.000000000766015,16.0,16.0,16.0,0.49914043180139345,-1.4555301319774117e-07,,99.00171799414753,,Sell,2024-11-04,2024-11-10
2024-11-11,16.0,16.0,16.0,16.0,16.000000000693063,16.0,16.0,16.0,0.49914043180139345,-1.347713052268773e-07,,99.00171807440618,,Sell,2024-11-11,2024-11-17
