Name,Date,PoslednaCena,Max,Min,ProsecnaCena,%Prom,Kolicina,Promet,Vkupno
ADIN,08.11.2024,1650.0,1650.0,1650.0,1650.0,0.0,0.0,0.0,0.0
ADIN,07.11.2024,1650.0,1650.0,1650.0,1650.0,0.0,0.0,0.0,0.0
ADIN,06.11.2024,1650.0,1650.0,1650.0,1650.0,0.0,0.0,0.0,0.0
ADIN,05.11.2024,1650.0,1650.0,1650.0,1650.0,0.0,0.0,0.0,0.0
ADIN,04.11.2024,1650.0,1650.0,1650.0,1650.0,0.0,0.0,0.0,0.0
ADIN,01.11.2024,1650.0,1650.0,1650.0,1650.0,0.0,0.0,0.0,0.0
ADIN,31.10.2024,1650.0,1650.0,1650.0,1650.0,0.0,0.0,0.0,0.0
ADIN,30.10.2024,1650.0,1650.0,1650.0,1650.0,0.0,0.0,0.0,0.0
ADIN,29.10.2024,1650.0,1650.0,1650.0,1650.0,0.0,0.0,0.0,0.0
ADIN,28.10.2024,1650.0,1650.0,1650.0,1650.0,0.0,0.0,0.0,0.0
ADIN,25.10.2024,1650.0,1650.0,1650.0,1650.0,0.0,0.0,0.0,0.0
ADIN,24.10.2024,1650.0,1650.0,1650.0,1650.0,0.0,0.0,0.0,0.0
ADIN,22.10.2024,1650.0,1650.0,1650.0,1650.0,0.0,0.0,0.0,0.0
ADIN,21.10.2024,1650.0,1650.0,1650.0,1650.0,-2.94,208.0,343200.0,343200.0
ADIN,18.10.2024,1700.0,1700.0,1700.0,1700.0,0.0,2.0,3400.0,3400.0
ADIN,17.10.2024,1700.0,1700.0,1700.0,1700.0,0.0,0.0,0.0,0.0
ADIN,16.10.2024,1700.0,1700.0,1700.0,1700.0,0.0,0.0,0.0,0.0
ADIN,15.10.2024,1700.0,1700.0,1700.0,1700.0,0.0,0.0,0.0,0.0
ADIN,14.10.2024,1700.0,1700.0,1700.0,1700.0,0.0,0.0,0.0,0.0
ADIN,10.10.2024,1700.0,1700.0,1700.0,1700.0,-2.86,200.0,340000.0,340000.0
ADIN,09.10.2024,1750.0,1750.0,1750.0,1750.0,-2.78,16.0,28000.0,28000.0
ADIN,08.10.2024,1800.0,1800.0,1800.0,1800.0,0.0,0.0,0.0,0.0
ADIN,07.10.2024,1800.0,1800.0,1800.0,1800.0,0.0,0.0,0.0,0.0
ADIN,04.10.2024,1800.0,1800.0,1800.0,1800.0,0.0,0.0,0.0,0.0
ADIN,03.10.2024,1800.0,1800.0,1800.0,1800.0,0.0,0.0,0.0,0.0
ADIN,02.10.2024,1800.0,1800.0,1800.0,1800.0,0.0,100.0,180000.0,180000.0
ADIN,01.10.2024,1800.0,1800.0,1800.0,1800.0,0.0,0.0,0.0,0.0
ADIN,30.9.2024,1800.0,1800.0,1800.0,1800.0,0.0,0.0,0.0,0.0
ADIN,27.9.2024,1800.0,1800.0,1800.0,1800.0,0.0,0.0,0.0,0.0
ADIN,26.9.2024,1800.0,1800.0,1800.0,1800.0,0.0,0.0,0.0,0.0
ADIN,25.9.2024,1800.0,1800.0,1800.0,1800.0,0.0,0.0,0.0,0.0
ADIN,24.9.2024,1800.0,1800.0,1800.0,1800.0,0.0,16.0,28800.0,28800.0
ADIN,23.9.2024,1800.0,1800.0,1800.0,1800.0,1.69,94.0,169200.0,169200.0
ADIN,20.9.2024,1770.0,1770.0,1770.0,1770.0,4.12,135.0,238950.0,238950.0
ADIN,19.9.2024,1700.0,1700.0,1700.0,1700.0,3.28,200.0,340000.0,340000.0
ADIN,18.9.2024,1646.0,1646.0,1646.0,1646.0,0.0,10.0,16460.0,16460.0
ADIN,17.9.2024,1646.0,1646.0,1646.0,1646.0,0.0,265.0,436190.0,436190.0
ADIN,16.9.2024,1646.0,1646.0,1646.0,1646.0,0.0,0.0,0.0,0.0
ADIN,13.9.2024,1646.0,1646.0,1646.0,1646.0,2.88,120.0,197520.0,197520.0
ADIN,12.9.2024,1600.0,1600.0,1600.0,1600.0,0.0,0.0,0.0,0.0
ADIN,11.9.2024,1600.0,1600.0,1600.0,1600.0,0.0,0.0,0.0,0.0
ADIN,10.9.2024,1600.0,1600.0,1600.0,1600.0,0.0,0.0,0.0,0.0
ADIN,06.9.2024,1600.0,1600.0,1600.0,1600.0,0.0,0.0,0.0,0.0
ADIN,05.9.2024,1600.0,1600.0,1600.0,1600.0,0.0,0.0,0.0,0.0
ADIN,04.9.2024,1600.0,1600.0,1600.0,1600.0,0.0,0.0,0.0,0.0
ADIN,03.9.2024,1600.0,1600.0,1600.0,1600.0,0.0,0.0,0.0,0.0
ADIN,02.9.2024,1600.0,1600.0,1600.0,1600.0,0.0,0.0,0.0,0.0
ADIN,30.8.2024,1600.0,1600.0,1600.0,1600.0,0.0,0.0,0.0,0.0
ADIN,29.8.2024,1600.0,1600.0,1600.0,1600.0,0.0,0.0,0.0,0.0
ADIN,27.8.2024,1600.0,1600.0,1600.0,1600.0,0.0,0.0,0.0,0.0
ADIN,26.8.2024,1600.0,1600.0,1600.0,1600.0,-0.62,150.0,240000.0,240000.0
ADIN,23.8.2024,1610.0,1610.0,1610.0,1610.0,-2.37,83.0,133630.0,133630.0
ADIN,22.8.2024,1649.0,1649.0,1649.0,1649.0,0.0,0.0,0.0,0.0
ADIN,21.8.2024,1649.0,1649.0,1649.0,1649.0,0.0,0.0,0.0,0.0
ADIN,20.8.2024,1649.0,1649.0,1649.0,1649.0,0.0,0.0,0.0,0.0
ADIN,19.8.2024,1649.0,1649.0,1649.0,1649.0,0.0,0.0,0.0,0.0
ADIN,16.8.2024,1649.0,1649.0,1649.0,1649.0,0.0,0.0,0.0,0.0
ADIN,15.8.2024,1649.0,1649.0,1649.0,1649.0,0.0,0.0,0.0,0.0
ADIN,14.8.2024,1649.0,1649.0,1649.0,1649.0,9.57,15.0,24735.0,24735.0
ADIN,13.8.2024,1505.0,1505.0,1505.0,1505.0,0.33,100.0,150500.0,150500.0
ADIN,12.8.2024,1500.0,1500.0,1500.0,1500.0,0.0,0.0,0.0,0.0
ADIN,09.8.2024,1500.0,1500.0,1500.0,1500.0,0.0,0.0,0.0,0.0
ADIN,08.8.2024,1500.0,1500.0,1500.0,1500.0,0.0,0.0,0.0,0.0
ADIN,07.8.2024,1500.0,1500.0,1500.0,1500.0,0.0,200.0,300000.0,300000.0
ADIN,06.8.2024,1500.0,1500.0,1500.0,1500.0,0.0,0.0,0.0,0.0
ADIN,05.8.2024,1500.0,1500.0,1500.0,1500.0,0.0,0.0,0.0,0.0
ADIN,01.8.2024,1500.0,1500.0,1500.0,1500.0,0.0,0.0,0.0,0.0
ADIN,31.7.2024,1500.0,1500.0,1500.0,1500.0,0.0,0.0,0.0,0.0
ADIN,30.7.2024,1500.0,1500.0,1500.0,1500.0,0.0,240.0,360000.0,360000.0
ADIN,29.7.2024,1500.0,1500.0,1500.0,1500.0,0.0,600.0,900000.0,900000.0
ADIN,26.7.2024,1500.0,1500.0,1500.0,1500.0,0.0,0.0,0.0,0.0
ADIN,25.7.2024,1500.0,1500.0,1500.0,1500.0,0.0,0.0,0.0,0.0
ADIN,24.7.2024,1500.0,1500.0,1500.0,1500.0,0.0,0.0,0.0,0.0
ADIN,23.7.2024,1500.0,1500.0,1500.0,1500.0,0.0,0.0,0.0,0.0
ADIN,22.7.2024,1500.0,1500.0,1500.0,1500.0,0.0,0.0,0.0,0.0
ADIN,19.7.2024,1500.0,1500.0,1500.0,1500.0,0.0,0.0,0.0,0.0
ADIN,18.7.2024,1500.0,1500.0,1500.0,1500.0,0.0,0.0,0.0,0.0
ADIN,17.7.2024,1500.0,1500.0,1500.0,1500.0,0.0,0.0,0.0,0.0
ADIN,16.7.2024,1500.0,1500.0,1500.0,1500.0,0.0,0.0,0.0,0.0
ADIN,15.7.2024,1500.0,1500.0,1500.0,1500.0,0.0,0.0,0.0,0.0
ADIN,12.7.2024,1500.0,1500.0,1500.0,1500.0,0.0,368.0,552000.0,552000.0
ADIN,11.7.2024,1500.0,1500.0,1500.0,1500.0,0.0,0.0,0.0,0.0
ADIN,10.7.2024,1500.0,1500.0,1500.0,1500.0,-6.25,600.0,900000.0,900000.0
ADIN,09.7.2024,1600.0,1600.0,1600.0,1600.0,0.0,0.0,0.0,0.0
ADIN,08.7.2024,1600.0,1600.0,1600.0,1600.0,0.0,0.0,0.0,0.0
ADIN,05.7.2024,1600.0,1600.0,1600.0,1600.0,0.0,0.0,0.0,0.0
ADIN,04.7.2024,1600.0,1600.0,1600.0,1600.0,0.0,0.0,0.0,0.0
ADIN,03.7.2024,1600.0,1600.0,1600.0,1600.0,0.0,0.0,0.0,0.0
ADIN,02.7.2024,1600.0,1600.0,1600.0,1600.0,0.0,0.0,0.0,0.0
ADIN,01.7.2024,1600.0,1600.0,1600.0,1600.0,0.0,0.0,0.0,0.0
ADIN,28.6.2024,1600.0,1600.0,1600.0,1600.0,0.0,0.0,0.0,0.0
ADIN,27.6.2024,1600.0,1600.0,1600.0,1600.0,-5.33,200.0,320000.0,320000.0
ADIN,26.6.2024,1690.0,1690.0,1690.0,1690.0,0.0,0.0,0.0,0.0
ADIN,25.6.2024,1690.0,1690.0,1690.0,1690.0,0.0,0.0,0.0,0.0
ADIN,24.6.2024,1690.0,1690.0,1690.0,1690.0,0.0,0.0,0.0,0.0
ADIN,20.6.2024,1690.0,1690.0,1690.0,1690.0,0.0,0.0,0.0,0.0
ADIN,19.6.2024,1690.0,1690.0,1690.0,1690.0,0.0,0.0,0.0,0.0
ADIN,18.6.2024,1690.0,1690.0,1690.0,1690.0,0.0,0.0,0.0,0.0
ADIN,17.6.2024,1690.0,1690.0,1690.0,1690.0,0.0,0.0,0.0,0.0
ADIN,14.6.2024,1690.0,1690.0,1690.0,1690.0,0.0,0.0,0.0,0.0
ADIN,13.6.2024,1690.0,1690.0,1690.0,1690.0,0.0,0.0,0.0,0.0
ADIN,12.6.2024,1690.0,1690.0,1690.0,1690.0,0.0,0.0,0.0,0.0
ADIN,11.6.2024,1690.0,1690.0,1690.0,1690.0,0.0,0.0,0.0,0.0
ADIN,10.6.2024,1690.0,1690.0,1690.0,1690.0,0.0,0.0,0.0,0.0
ADIN,07.6.2024,1690.0,1690.0,1690.0,1690.0,0.0,0.0,0.0,0.0
ADIN,06.6.2024,1690.0,1690.0,1690.0,1690.0,0.0,0.0,0.0,0.0
ADIN,05.6.2024,1690.0,1690.0,1690.0,1690.0,0.0,0.0,0.0,0.0
ADIN,04.6.2024,1690.0,1690.0,1690.0,1690.0,0.0,0.0,0.0,0.0
ADIN,03.6.2024,1690.0,1690.0,1690.0,1690.0,0.0,0.0,0.0,0.0
ADIN,31.5.2024,1690.0,1690.0,1690.0,1690.0,0.0,0.0,0.0,0.0
ADIN,30.5.2024,1690.0,1690.0,1690.0,1690.0,0.0,0.0,0.0,0.0
ADIN,29.5.2024,1690.0,1690.0,1690.0,1690.0,0.12,50.0,84500.0,84500.0
ADIN,28.5.2024,1688.0,1688.0,1688.0,1688.0,0.0,0.0,0.0,0.0
ADIN,27.5.2024,1688.0,1688.0,1688.0,1688.0,0.0,0.0,0.0,0.0
ADIN,23.5.2024,1688.0,1688.0,1688.0,1688.0,0.0,0.0,0.0,0.0
ADIN,22.5.2024,1688.0,1688.0,1688.0,1688.0,0.0,0.0,0.0,0.0
ADIN,21.5.2024,1688.0,1688.0,1688.0,1688.0,0.0,0.0,0.0,0.0
ADIN,20.5.2024,1688.0,1688.0,1688.0,1688.0,0.0,0.0,0.0,0.0
ADIN,17.5.2024,1688.0,1688.0,1688.0,1688.0,-0.53,76.0,128288.0,128288.0
ADIN,16.5.2024,1697.0,1697.0,1697.0,1697.0,0.0,0.0,0.0,0.0
ADIN,15.5.2024,1697.0,1697.0,1697.0,1697.0,0.0,0.0,0.0,0.0
ADIN,14.5.2024,1697.0,1697.0,1697.0,1697.0,41.42,50.0,84850.0,84850.0
ADIN,13.5.2024,1200.0,1200.0,1200.0,1200.0,0.0,0.0,0.0,0.0
ADIN,10.5.2024,1200.0,1200.0,1200.0,1200.0,0.0,0.0,0.0,0.0
ADIN,09.5.2024,1200.0,1200.0,1200.0,1200.0,0.0,0.0,0.0,0.0
ADIN,07.5.2024,1200.0,1200.0,1200.0,1200.0,0.0,0.0,0.0,0.0
ADIN,02.5.2024,1200.0,1200.0,1200.0,1200.0,0.0,0.0,0.0,0.0
ADIN,30.4.2024,1200.0,1200.0,1200.0,1200.0,0.0,0.0,0.0,0.0
ADIN,29.4.2024,1200.0,1200.0,1200.0,1200.0,0.0,0.0,0.0,0.0
ADIN,26.4.2024,1200.0,1200.0,1200.0,1200.0,0.0,0.0,0.0,0.0
ADIN,25.4.2024,1200.0,1200.0,1200.0,1200.0,0.0,0.0,0.0,0.0
ADIN,23.4.2024,1200.0,1200.0,1200.0,1200.0,0.0,0.0,0.0,0.0
ADIN,22.4.2024,1200.0,1200.0,1200.0,1200.0,0.0,0.0,0.0,0.0
ADIN,19.4.2024,1200.0,1200.0,1200.0,1200.0,0.0,0.0,0.0,0.0
ADIN,18.4.2024,1200.0,1200.0,1200.0,1200.0,0.0,0.0,0.0,0.0
ADIN,17.4.2024,1200.0,1200.0,1200.0,1200.0,0.0,0.0,0.0,0.0
ADIN,16.4.2024,1200.0,1200.0,1200.0,1200.0,0.0,0.0,0.0,0.0
ADIN,15.4.2024,1200.0,1200.0,1200.0,1200.0,0.0,0.0,0.0,0.0
ADIN,12.4.2024,1200.0,1200.0,1200.0,1200.0,0.0,0.0,0.0,0.0
ADIN,11.4.2024,1200.0,1200.0,1200.0,1200.0,0.0,0.0,0.0,0.0
ADIN,09.4.2024,1200.0,1200.0,1200.0,1200.0,0.0,0.0,0.0,0.0
ADIN,08.4.2024,1200.0,1200.0,1200.0,1200.0,0.0,0.0,0.0,0.0
ADIN,05.4.2024,1200.0,1200.0,1200.0,1200.0,0.0,0.0,0.0,0.0
ADIN,04.4.2024,1200.0,1200.0,1200.0,1200.0,0.0,0.0,0.0,0.0
ADIN,03.4.2024,1200.0,1200.0,1200.0,1200.0,0.0,0.0,0.0,0.0
ADIN,02.4.2024,1200.0,1200.0,1200.0,1200.0,0.0,0.0,0.0,0.0
ADIN,01.4.2024,1200.0,1200.0,1200.0,1200.0,0.0,0.0,0.0,0.0
ADIN,29.3.2024,1200.0,1200.0,1200.0,1200.0,0.0,0.0,0.0,0.0
ADIN,28.3.2024,1200.0,1200.0,1200.0,1200.0,0.0,0.0,0.0,0.0
ADIN,27.3.2024,1200.0,1200.0,1200.0,1200.0,0.0,0.0,0.0,0.0
ADIN,26.3.2024,1200.0,1200.0,1200.0,1200.0,0.0,0.0,0.0,0.0
ADIN,25.3.2024,1200.0,1200.0,1200.0,1200.0,0.0,0.0,0.0,0.0
ADIN,22.3.2024,1200.0,1200.0,1200.0,1200.0,0.0,0.0,0.0,0.0
ADIN,21.3.2024,1200.0,1200.0,1200.0,1200.0,0.0,0.0,0.0,0.0
ADIN,20.3.2024,1200.0,1200.0,1200.0,1200.0,0.0,0.0,0.0,0.0
ADIN,19.3.2024,1200.0,1200.0,1200.0,1200.0,0.0,0.0,0.0,0.0
ADIN,18.3.2024,1200.0,1200.0,1200.0,1200.0,0.0,0.0,0.0,0.0
ADIN,15.3.2024,1200.0,1200.0,1200.0,1200.0,0.0,0.0,0.0,0.0
ADIN,14.3.2024,1200.0,1200.0,1200.0,1200.0,0.0,0.0,0.0,0.0
ADIN,13.3.2024,1200.0,1200.0,1200.0,1200.0,0.0,0.0,0.0,0.0
ADIN,12.3.2024,1200.0,1200.0,1200.0,1200.0,0.0,0.0,0.0,0.0
ADIN,11.3.2024,1200.0,1200.0,1200.0,1200.0,0.0,0.0,0.0,0.0
ADIN,08.3.2024,1200.0,1200.0,1200.0,1200.0,0.0,0.0,0.0,0.0
ADIN,07.3.2024,1200.0,1200.0,1200.0,1200.0,0.0,0.0,0.0,0.0
ADIN,06.3.2024,1200.0,1200.0,1200.0,1200.0,0.0,0.0,0.0,0.0
ADIN,05.3.2024,1200.0,1200.0,1200.0,1200.0,0.0,0.0,0.0,0.0
ADIN,04.3.2024,1200.0,1200.0,1200.0,1200.0,0.0,0.0,0.0,0.0
ADIN,01.3.2024,1200.0,1200.0,1200.0,1200.0,0.0,0.0,0.0,0.0
ADIN,29.2.2024,1200.0,1200.0,1200.0,1200.0,0.0,0.0,0.0,0.0
ADIN,28.2.2024,1200.0,1200.0,1200.0,1200.0,0.0,0.0,0.0,0.0
ADIN,27.2.2024,1200.0,1200.0,1200.0,1200.0,0.0,0.0,0.0,0.0
ADIN,26.2.2024,1200.0,1200.0,1200.0,1200.0,0.0,0.0,0.0,0.0
ADIN,23.2.2024,1200.0,1200.0,1200.0,1200.0,0.0,0.0,0.0,0.0
ADIN,22.2.2024,1200.0,1200.0,1200.0,1200.0,0.0,0.0,0.0,0.0
ADIN,21.2.2024,1200.0,1200.0,1200.0,1200.0,0.0,0.0,0.0,0.0
ADIN,20.2.2024,1200.0,1200.0,1200.0,1200.0,0.0,0.0,0.0,0.0
ADIN,19.2.2024,1200.0,1200.0,1200.0,1200.0,0.0,0.0,0.0,0.0
ADIN,16.2.2024,1200.0,1200.0,1200.0,1200.0,0.0,0.0,0.0,0.0
ADIN,15.2.2024,1200.0,1200.0,1200.0,1200.0,0.0,0.0,0.0,0.0
ADIN,14.2.2024,1200.0,1200.0,1200.0,1200.0,0.0,0.0,0.0,0.0
ADIN,13.2.2024,1200.0,1200.0,1200.0,1200.0,0.0,0.0,0.0,0.0
ADIN,12.2.2024,1200.0,1200.0,1200.0,1200.0,0.0,0.0,0.0,0.0
ADIN,09.2.2024,1200.0,1200.0,1200.0,1200.0,0.0,0.0,0.0,0.0
ADIN,08.2.2024,1200.0,1200.0,1200.0,1200.0,0.0,0.0,0.0,0.0
ADIN,07.2.2024,1200.0,1200.0,1200.0,1200.0,0.0,0.0,0.0,0.0
ADIN,06.2.2024,1200.0,1200.0,1200.0,1200.0,0.0,0.0,0.0,0.0
ADIN,05.2.2024,1200.0,1200.0,1200.0,1200.0,0.0,153.0,183600.0,183600.0
ADIN,02.2.2024,1200.0,1200.0,1200.0,1200.0,0.0,0.0,0.0,0.0
ADIN,01.2.2024,1200.0,1200.0,1200.0,1200.0,0.0,0.0,0.0,0.0
ADIN,31.1.2024,1200.0,1200.0,1200.0,1200.0,20.0,295.0,354000.0,354000.0
ADIN,30.1.2024,1000.0,1000.0,1000.0,1000.0,0.0,0.0,0.0,0.0
ADIN,29.1.2024,1000.0,1000.0,1000.0,1000.0,0.0,0.0,0.0,0.0
ADIN,26.1.2024,1000.0,1000.0,1000.0,1000.0,0.0,0.0,0.0,0.0
ADIN,25.1.2024,1000.0,1000.0,1000.0,1000.0,0.0,0.0,0.0,0.0
ADIN,24.1.2024,1000.0,1000.0,1000.0,1000.0,0.0,0.0,0.0,0.0
ADIN,23.1.2024,1000.0,1000.0,1000.0,1000.0,0.0,0.0,0.0,0.0
ADIN,22.1.2024,1000.0,1000.0,1000.0,1000.0,0.0,0.0,0.0,0.0
ADIN,18.1.2024,1000.0,1000.0,1000.0,1000.0,0.0,0.0,0.0,0.0
ADIN,17.1.2024,1000.0,1000.0,1000.0,1000.0,0.0,0.0,0.0,0.0
ADIN,16.1.2024,1000.0,1000.0,1000.0,1000.0,0.0,0.0,0.0,0.0
ADIN,15.1.2024,1000.0,1000.0,1000.0,1000.0,0.0,0.0,0.0,0.0
ADIN,12.1.2024,1000.0,1000.0,1000.0,1000.0,0.0,0.0,0.0,0.0
ADIN,11.1.2024,1000.0,1000.0,1000.0,1000.0,0.0,0.0,0.0,0.0
ADIN,10.1.2024,1000.0,1000.0,1000.0,1000.0,0.0,0.0,0.0,0.0
ADIN,09.1.2024,1000.0,1000.0,1000.0,1000.0,0.0,0.0,0.0,0.0
ADIN,05.1.2024,1000.0,1000.0,1000.0,1000.0,0.0,0.0,0.0,0.0
ADIN,04.1.2024,1000.0,1000.0,1000.0,1000.0,0.0,0.0,0.0,0.0
ADIN,03.1.2024,1000.0,1000.0,1000.0,1000.0,0.0,0.0,0.0,0.0
ADIN,02.1.2024,1000.0,1000.0,1000.0,1000.0,0.0,0.0,0.0,0.0
ADIN,28.12.2023,1000.0,1000.0,1000.0,1000.0,0.0,0.0,0.0,0.0
ADIN,27.12.2023,1000.0,1000.0,1000.0,1000.0,0.0,0.0,0.0,0.0
ADIN,26.12.2023,1000.0,1000.0,1000.0,1000.0,0.0,0.0,0.0,0.0
ADIN,25.12.2023,1000.0,1000.0,1000.0,1000.0,0.0,0.0,0.0,0.0
ADIN,22.12.2023,1000.0,1000.0,1000.0,1000.0,0.0,0.0,0.0,0.0
ADIN,21.12.2023,1000.0,1000.0,1000.0,1000.0,0.0,0.0,0.0,0.0
ADIN,20.12.2023,1000.0,1000.0,1000.0,1000.0,0.0,0.0,0.0,0.0
ADIN,19.12.2023,1000.0,1000.0,1000.0,1000.0,0.0,100.0,100000.0,100000.0
ADIN,18.12.2023,1000.0,1000.0,1000.0,1000.0,0.0,0.0,0.0,0.0
ADIN,15.12.2023,1000.0,1000.0,1000.0,1000.0,0.0,0.0,0.0,0.0
ADIN,14.12.2023,1000.0,1000.0,1000.0,1000.0,0.0,0.0,0.0,0.0
ADIN,13.12.2023,1000.0,1000.0,1000.0,1000.0,0.0,0.0,0.0,0.0
ADIN,12.12.2023,1000.0,1000.0,1000.0,1000.0,0.0,0.0,0.0,0.0
ADIN,11.12.2023,1000.0,1000.0,1000.0,1000.0,0.0,0.0,0.0,0.0
ADIN,07.12.2023,1000.0,1000.0,1000.0,1000.0,0.0,0.0,0.0,0.0
ADIN,06.12.2023,1000.0,1000.0,1000.0,1000.0,0.0,0.0,0.0,0.0
ADIN,05.12.2023,1000.0,1000.0,1000.0,1000.0,0.0,0.0,0.0,0.0
ADIN,04.12.2023,1000.0,1000.0,1000.0,1000.0,0.0,0.0,0.0,0.0
ADIN,01.12.2023,1000.0,1000.0,1000.0,1000.0,0.0,0.0,0.0,0.0
ADIN,30.11.2023,1000.0,1000.0,1000.0,1000.0,0.0,0.0,0.0,0.0
ADIN,29.11.2023,1000.0,1000.0,1000.0,1000.0,0.0,600.0,600000.0,600000.0
ADIN,28.11.2023,1000.0,1000.0,1000.0,1000.0,0.0,0.0,0.0,0.0
ADIN,27.11.2023,1000.0,1000.0,1000.0,1000.0,0.0,0.0,0.0,0.0
ADIN,24.11.2023,1000.0,1000.0,1000.0,1000.0,0.0,0.0,0.0,0.0
ADIN,23.11.2023,1000.0,1000.0,1000.0,1000.0,0.0,0.0,0.0,0.0
ADIN,22.11.2023,1000.0,1000.0,1000.0,1000.0,0.0,0.0,0.0,0.0
ADIN,21.11.2023,1000.0,1000.0,1000.0,1000.0,0.0,0.0,0.0,0.0
ADIN,20.11.2023,1000.0,1000.0,1000.0,1000.0,0.0,0.0,0.0,0.0
ADIN,17.11.2023,1000.0,1000.0,1000.0,1000.0,0.0,0.0,0.0,0.0
ADIN,16.11.2023,1000.0,1000.0,1000.0,1000.0,0.0,0.0,0.0,0.0
ADIN,15.11.2023,1000.0,1000.0,1000.0,1000.0,0.0,0.0,0.0,0.0
ADIN,14.11.2023,1000.0,1000.0,1000.0,1000.0,0.0,0.0,0.0,0.0
ADIN,13.11.2023,1000.0,1000.0,1000.0,1000.0,0.0,260.0,260000.0,260000.0
ADIN,10.11.2023,1000.0,1000.0,1000.0,1000.0,0.0,0.0,0.0,0.0
ADIN,09.11.2023,1000.0,1000.0,1000.0,1000.0,0.0,200.0,200000.0,200000.0
ADIN,08.11.2023,1000.0,1000.0,1000.0,1000.0,0.0,0.0,0.0,0.0
ADIN,07.11.2023,1000.0,1000.0,1000.0,1000.0,0.0,0.0,0.0,0.0
ADIN,06.11.2023,1000.0,1000.0,1000.0,1000.0,0.0,0.0,0.0,0.0
ADIN,03.11.2023,1000.0,1000.0,1000.0,1000.0,0.0,0.0,0.0,0.0
ADIN,02.11.2023,1000.0,1000.0,1000.0,1000.0,0.0,0.0,0.0,0.0
ADIN,01.11.2023,1000.0,1000.0,1000.0,1000.0,0.0,0.0,0.0,0.0
ADIN,31.10.2023,1000.0,1000.0,1000.0,1000.0,0.0,0.0,0.0,0.0
ADIN,30.10.2023,1000.0,1000.0,1000.0,1000.0,0.0,0.0,0.0,0.0
ADIN,27.10.2023,1000.0,1000.0,1000.0,1000.0,0.0,0.0,0.0,0.0
ADIN,26.10.2023,1000.0,1000.0,1000.0,1000.0,0.0,0.0,0.0,0.0
ADIN,25.10.2023,1000.0,1000.0,1000.0,1000.0,0.0,0.0,0.0,0.0
ADIN,24.10.2023,1000.0,1000.0,1000.0,1000.0,0.0,0.0,0.0,0.0
ADIN,20.10.2023,1000.0,1000.0,1000.0,1000.0,0.0,0.0,0.0,0.0
ADIN,19.10.2023,1000.0,1000.0,1000.0,1000.0,0.0,0.0,0.0,0.0
ADIN,18.10.2023,1000.0,1000.0,1000.0,1000.0,0.0,0.0,0.0,0.0
ADIN,17.10.2023,1000.0,1000.0,1000.0,1000.0,0.0,0.0,0.0,0.0
ADIN,16.10.2023,1000.0,1000.0,1000.0,1000.0,0.0,0.0,0.0,0.0
ADIN,13.10.2023,1000.0,1000.0,1000.0,1000.0,0.0,0.0,0.0,0.0
ADIN,12.10.2023,1000.0,1000.0,1000.0,1000.0,0.0,0.0,0.0,0.0
ADIN,10.10.2023,1000.0,1000.0,1000.0,1000.0,0.0,0.0,0.0,0.0
ADIN,09.10.2023,1000.0,1000.0,1000.0,1000.0,0.0,0.0,0.0,0.0
ADIN,06.10.2023,1000.0,1000.0,1000.0,1000.0,0.0,0.0,0.0,0.0
ADIN,05.10.2023,1000.0,1000.0,1000.0,1000.0,15.61,100.0,100000.0,100000.0
ADIN,04.10.2023,865.0,865.0,865.0,865.0,0.0,0.0,0.0,0.0
ADIN,03.10.2023,865.0,865.0,865.0,865.0,0.0,0.0,0.0,0.0
ADIN,02.10.2023,865.0,865.0,865.0,865.0,0.0,0.0,0.0,0.0
ADIN,29.9.2023,865.0,865.0,865.0,865.0,0.0,0.0,0.0,0.0
ADIN,28.9.2023,865.0,865.0,865.0,865.0,0.0,0.0,0.0,0.0
ADIN,27.9.2023,865.0,865.0,865.0,865.0,0.0,0.0,0.0,0.0
ADIN,26.9.2023,865.0,865.0,865.0,865.0,0.0,0.0,0.0,0.0
ADIN,25.9.2023,865.0,865.0,865.0,865.0,0.0,0.0,0.0,0.0
ADIN,22.9.2023,865.0,865.0,865.0,865.0,0.0,0.0,0.0,0.0
ADIN,21.9.2023,865.0,865.0,865.0,865.0,0.0,0.0,0.0,0.0
ADIN,20.9.2023,865.0,865.0,865.0,865.0,0.0,0.0,0.0,0.0
ADIN,19.9.2023,865.0,865.0,865.0,865.0,0.0,0.0,0.0,0.0
ADIN,18.9.2023,865.0,865.0,865.0,865.0,0.0,0.0,0.0,0.0
ADIN,15.9.2023,865.0,865.0,865.0,865.0,0.0,0.0,0.0,0.0
ADIN,14.9.2023,865.0,865.0,865.0,865.0,0.0,0.0,0.0,0.0
ADIN,13.9.2023,865.0,865.0,865.0,865.0,0.0,0.0,0.0,0.0
ADIN,12.9.2023,865.0,865.0,865.0,865.0,0.0,0.0,0.0,0.0
ADIN,11.9.2023,865.0,865.0,865.0,865.0,0.0,0.0,0.0,0.0
ADIN,07.9.2023,865.0,865.0,865.0,865.0,0.0,0.0,0.0,0.0
ADIN,06.9.2023,865.0,865.0,865.0,865.0,0.0,0.0,0.0,0.0
ADIN,05.9.2023,865.0,865.0,865.0,865.0,0.0,0.0,0.0,0.0
ADIN,04.9.2023,865.0,865.0,865.0,865.0,0.0,0.0,0.0,0.0
ADIN,01.9.2023,865.0,865.0,865.0,865.0,0.0,0.0,0.0,0.0
ADIN,31.8.2023,865.0,865.0,865.0,865.0,0.0,0.0,0.0,0.0
ADIN,30.8.2023,865.0,865.0,865.0,865.0,0.0,0.0,0.0,0.0
ADIN,29.8.2023,865.0,865.0,865.0,865.0,0.0,0.0,0.0,0.0
ADIN,25.8.2023,865.0,865.0,865.0,865.0,0.0,0.0,0.0,0.0
ADIN,24.8.2023,865.0,865.0,865.0,865.0,0.0,0.0,0.0,0.0
ADIN,23.8.2023,865.0,865.0,865.0,865.0,0.0,0.0,0.0,0.0
ADIN,22.8.2023,865.0,865.0,865.0,865.0,0.0,0.0,0.0,0.0
ADIN,21.8.2023,865.0,865.0,865.0,865.0,0.0,0.0,0.0,0.0
ADIN,18.8.2023,865.0,865.0,865.0,865.0,0.0,0.0,0.0,0.0
ADIN,17.8.2023,865.0,865.0,865.0,865.0,0.0,0.0,0.0,0.0
ADIN,16.8.2023,865.0,865.0,865.0,865.0,0.0,0.0,0.0,0.0
ADIN,15.8.2023,865.0,865.0,865.0,865.0,0.0,0.0,0.0,0.0
ADIN,14.8.2023,865.0,865.0,865.0,865.0,0.0,0.0,0.0,0.0
ADIN,11.8.2023,865.0,865.0,865.0,865.0,0.0,0.0,0.0,0.0
ADIN,10.8.2023,865.0,865.0,865.0,865.0,0.0,0.0,0.0,0.0
ADIN,09.8.2023,865.0,865.0,865.0,865.0,0.0,0.0,0.0,0.0
ADIN,08.8.2023,865.0,865.0,865.0,865.0,0.0,0.0,0.0,0.0
ADIN,07.8.2023,865.0,865.0,865.0,865.0,0.0,0.0,0.0,0.0
ADIN,04.8.2023,865.0,865.0,865.0,865.0,0.0,0.0,0.0,0.0
ADIN,03.8.2023,865.0,865.0,865.0,865.0,0.0,0.0,0.0,0.0
ADIN,01.8.2023,865.0,865.0,865.0,865.0,0.0,0.0,0.0,0.0
ADIN,31.7.2023,865.0,865.0,865.0,865.0,0.0,0.0,0.0,0.0
ADIN,28.7.2023,865.0,865.0,865.0,865.0,0.0,0.0,0.0,0.0
ADIN,27.7.2023,865.0,865.0,865.0,865.0,0.0,0.0,0.0,0.0
ADIN,26.7.2023,865.0,865.0,865.0,865.0,0.0,0.0,0.0,0.0
ADIN,25.7.2023,865.0,865.0,865.0,865.0,0.0,0.0,0.0,0.0
ADIN,24.7.2023,865.0,865.0,865.0,865.0,0.0,0.0,0.0,0.0
ADIN,21.7.2023,865.0,865.0,865.0,865.0,0.0,0.0,0.0,0.0
ADIN,20.7.2023,865.0,865.0,865.0,865.0,0.0,0.0,0.0,0.0
ADIN,19.7.2023,865.0,865.0,865.0,865.0,0.0,0.0,0.0,0.0
ADIN,18.7.2023,865.0,865.0,865.0,865.0,0.0,0.0,0.0,0.0
ADIN,17.7.2023,865.0,865.0,865.0,865.0,0.0,0.0,0.0,0.0
ADIN,14.7.2023,865.0,865.0,865.0,865.0,0.0,0.0,0.0,0.0
ADIN,13.7.2023,865.0,865.0,865.0,865.0,0.0,0.0,0.0,0.0
ADIN,12.7.2023,865.0,865.0,865.0,865.0,0.0,0.0,0.0,0.0
ADIN,11.7.2023,865.0,865.0,865.0,865.0,1.76,70.0,60550.0,60550.0
ADIN,10.7.2023,850.0,850.0,850.0,850.0,0.0,0.0,0.0,0.0
ADIN,07.7.2023,850.0,850.0,850.0,850.0,0.0,0.0,0.0,0.0
ADIN,06.7.2023,850.0,850.0,850.0,850.0,17.73,100.0,85000.0,85000.0
ADIN,05.7.2023,722.0,722.0,722.0,722.0,0.0,0.0,0.0,0.0
ADIN,04.7.2023,722.0,722.0,722.0,722.0,0.0,0.0,0.0,0.0
ADIN,03.7.2023,722.0,722.0,722.0,722.0,0.0,0.0,0.0,0.0
ADIN,30.6.2023,722.0,722.0,722.0,722.0,0.0,0.0,0.0,0.0
ADIN,29.6.2023,722.0,722.0,722.0,722.0,0.0,0.0,0.0,0.0
ADIN,28.6.2023,722.0,722.0,722.0,722.0,0.0,0.0,0.0,0.0
ADIN,27.6.2023,722.0,722.0,722.0,722.0,0.0,0.0,0.0,0.0
ADIN,26.6.2023,722.0,722.0,722.0,722.0,0.0,0.0,0.0,0.0
ADIN,23.6.2023,722.0,722.0,722.0,722.0,0.0,0.0,0.0,0.0
ADIN,22.6.2023,722.0,722.0,722.0,722.0,0.0,0.0,0.0,0.0
ADIN,21.6.2023,722.0,722.0,722.0,722.0,0.0,0.0,0.0,0.0
ADIN,20.6.2023,722.0,722.0,722.0,722.0,0.0,0.0,0.0,0.0
ADIN,19.6.2023,722.0,722.0,722.0,722.0,0.0,0.0,0.0,0.0
ADIN,16.6.2023,722.0,722.0,722.0,722.0,0.0,0.0,0.0,0.0
ADIN,15.6.2023,722.0,722.0,722.0,722.0,0.0,0.0,0.0,0.0
ADIN,14.6.2023,722.0,722.0,722.0,722.0,0.0,0.0,0.0,0.0
ADIN,13.6.2023,722.0,722.0,722.0,722.0,0.0,0.0,0.0,0.0
ADIN,12.6.2023,722.0,722.0,722.0,722.0,0.0,0.0,0.0,0.0
ADIN,09.6.2023,722.0,722.0,722.0,722.0,0.0,0.0,0.0,0.0
ADIN,08.6.2023,722.0,722.0,722.0,722.0,0.0,0.0,0.0,0.0
ADIN,07.6.2023,722.0,722.0,722.0,722.0,0.0,0.0,0.0,0.0
ADIN,06.6.2023,722.0,722.0,722.0,722.0,0.0,0.0,0.0,0.0
ADIN,05.6.2023,722.0,722.0,722.0,722.0,0.0,0.0,0.0,0.0
ADIN,01.6.2023,722.0,722.0,722.0,722.0,0.0,0.0,0.0,0.0
ADIN,31.5.2023,722.0,722.0,722.0,722.0,0.0,0.0,0.0,0.0
ADIN,30.5.2023,722.0,722.0,722.0,722.0,0.0,0.0,0.0,0.0
ADIN,29.5.2023,722.0,722.0,722.0,722.0,0.0,0.0,0.0,0.0
ADIN,26.5.2023,722.0,722.0,722.0,722.0,0.0,0.0,0.0,0.0
ADIN,25.5.2023,722.0,722.0,722.0,722.0,0.0,0.0,0.0,0.0
ADIN,23.5.2023,722.0,722.0,722.0,722.0,0.0,0.0,0.0,0.0
ADIN,22.5.2023,722.0,722.0,722.0,722.0,0.0,0.0,0.0,0.0
ADIN,19.5.2023,722.0,722.0,722.0,722.0,0.0,0.0,0.0,0.0
ADIN,18.5.2023,722.0,722.0,722.0,722.0,0.0,0.0,0.0,0.0
ADIN,17.5.2023,722.0,722.0,722.0,722.0,0.0,0.0,0.0,0.0
ADIN,16.5.2023,722.0,722.0,722.0,722.0,0.0,0.0,0.0,0.0
ADIN,15.5.2023,722.0,722.0,722.0,722.0,0.0,0.0,0.0,0.0
ADIN,12.5.2023,722.0,722.0,722.0,722.0,0.0,0.0,0.0,0.0
ADIN,11.5.2023,722.0,722.0,722.0,722.0,0.0,0.0,0.0,0.0
ADIN,10.5.2023,722.0,722.0,722.0,722.0,0.0,0.0,0.0,0.0
ADIN,09.5.2023,722.0,722.0,722.0,722.0,0.0,0.0,0.0,0.0
ADIN,08.5.2023,722.0,722.0,722.0,722.0,0.0,0.0,0.0,6802504.0
ADIN,05.5.2023,722.0,722.0,722.0,722.0,0.0,0.0,0.0,0.0
ADIN,04.5.2023,722.0,722.0,722.0,722.0,0.0,0.0,0.0,0.0
ADIN,03.5.2023,722.0,722.0,722.0,722.0,0.0,0.0,0.0,0.0
ADIN,02.5.2023,722.0,722.0,722.0,722.0,0.0,0.0,0.0,0.0
ADIN,28.4.2023,722.0,722.0,722.0,722.0,0.0,0.0,0.0,0.0
ADIN,27.4.2023,722.0,722.0,722.0,722.0,0.0,0.0,0.0,0.0
ADIN,26.4.2023,722.0,722.0,722.0,722.0,0.0,0.0,0.0,0.0
ADIN,25.4.2023,722.0,722.0,722.0,722.0,0.0,0.0,0.0,0.0
ADIN,24.4.2023,722.0,722.0,722.0,722.0,0.0,0.0,0.0,0.0
ADIN,20.4.2023,722.0,722.0,722.0,722.0,0.0,0.0,0.0,0.0
ADIN,19.4.2023,722.0,722.0,722.0,722.0,0.0,0.0,0.0,0.0
ADIN,18.4.2023,722.0,722.0,722.0,722.0,0.0,0.0,0.0,0.0
ADIN,13.4.2023,722.0,722.0,722.0,722.0,0.0,0.0,0.0,0.0
ADIN,12.4.2023,722.0,722.0,722.0,722.0,0.0,0.0,0.0,0.0
ADIN,11.4.2023,722.0,722.0,722.0,722.0,0.0,0.0,0.0,0.0
ADIN,10.4.2023,722.0,722.0,722.0,722.0,0.0,0.0,0.0,0.0
ADIN,07.4.2023,722.0,722.0,722.0,722.0,0.0,0.0,0.0,0.0
ADIN,06.4.2023,722.0,722.0,722.0,722.0,0.0,0.0,0.0,0.0
ADIN,05.4.2023,722.0,722.0,722.0,722.0,0.0,0.0,0.0,0.0
ADIN,04.4.2023,722.0,722.0,722.0,722.0,0.0,0.0,0.0,0.0
ADIN,03.4.2023,722.0,722.0,722.0,722.0,0.0,0.0,0.0,0.0
ADIN,31.3.2023,722.0,722.0,722.0,722.0,0.0,0.0,0.0,0.0
ADIN,30.3.2023,722.0,722.0,722.0,722.0,0.0,0.0,0.0,0.0
ADIN,29.3.2023,722.0,722.0,722.0,722.0,0.0,0.0,0.0,0.0
ADIN,28.3.2023,722.0,722.0,722.0,722.0,0.0,0.0,0.0,0.0
ADIN,27.3.2023,722.0,722.0,722.0,722.0,0.0,0.0,0.0,0.0
ADIN,24.3.2023,722.0,722.0,722.0,722.0,0.0,0.0,0.0,0.0
ADIN,23.3.2023,722.0,722.0,722.0,722.0,0.0,0.0,0.0,0.0
ADIN,22.3.2023,722.0,722.0,722.0,722.0,0.0,0.0,0.0,0.0
ADIN,21.3.2023,722.0,722.0,722.0,722.0,0.0,0.0,0.0,0.0
ADIN,20.3.2023,722.0,722.0,722.0,722.0,0.0,0.0,0.0,0.0
ADIN,17.3.2023,722.0,722.0,722.0,722.0,0.0,0.0,0.0,0.0
ADIN,16.3.2023,722.0,722.0,722.0,722.0,0.0,0.0,0.0,0.0
ADIN,15.3.2023,722.0,722.0,722.0,722.0,0.0,0.0,0.0,0.0
ADIN,14.3.2023,722.0,722.0,722.0,722.0,0.0,0.0,0.0,0.0
ADIN,13.3.2023,722.0,722.0,722.0,722.0,0.0,0.0,0.0,0.0
ADIN,10.3.2023,722.0,722.0,722.0,722.0,0.0,0.0,0.0,0.0
ADIN,09.3.2023,722.0,722.0,722.0,722.0,0.0,0.0,0.0,0.0
ADIN,08.3.2023,722.0,722.0,722.0,722.0,0.0,0.0,0.0,0.0
ADIN,07.3.2023,722.0,722.0,722.0,722.0,0.0,0.0,0.0,0.0
ADIN,06.3.2023,722.0,722.0,722.0,722.0,0.0,0.0,0.0,0.0
ADIN,03.3.2023,722.0,722.0,722.0,722.0,0.0,0.0,0.0,0.0
ADIN,02.3.2023,722.0,722.0,722.0,722.0,0.0,0.0,0.0,0.0
ADIN,01.3.2023,722.0,722.0,722.0,722.0,0.0,0.0,0.0,0.0
ADIN,28.2.2023,722.0,722.0,722.0,722.0,0.0,0.0,0.0,0.0
ADIN,27.2.2023,722.0,722.0,722.0,722.0,0.0,0.0,0.0,0.0
ADIN,24.2.2023,722.0,722.0,722.0,722.0,0.0,0.0,0.0,0.0
ADIN,23.2.2023,722.0,722.0,722.0,722.0,0.0,0.0,0.0,0.0
ADIN,22.2.2023,722.0,722.0,722.0,722.0,0.0,0.0,0.0,0.0
ADIN,21.2.2023,722.0,722.0,722.0,722.0,0.0,0.0,0.0,0.0
ADIN,20.2.2023,722.0,722.0,722.0,722.0,0.0,0.0,0.0,0.0
ADIN,17.2.2023,722.0,722.0,722.0,722.0,0.0,0.0,0.0,0.0
ADIN,16.2.2023,722.0,722.0,722.0,722.0,0.0,0.0,0.0,0.0
ADIN,15.2.2023,722.0,722.0,722.0,722.0,0.0,0.0,0.0,0.0
ADIN,14.2.2023,722.0,722.0,722.0,722.0,-14.05,505.0,364610.0,364610.0
ADIN,13.2.2023,840.0,840.0,840.0,840.0,0.0,0.0,0.0,0.0
ADIN,10.2.2023,840.0,840.0,840.0,840.0,0.0,0.0,0.0,0.0
ADIN,09.2.2023,840.0,840.0,840.0,840.0,0.0,0.0,0.0,0.0
ADIN,08.2.2023,840.0,840.0,840.0,840.0,0.0,0.0,0.0,0.0
ADIN,07.2.2023,840.0,840.0,840.0,840.0,0.0,0.0,0.0,0.0
ADIN,06.2.2023,840.0,840.0,840.0,840.0,0.0,0.0,0.0,0.0
ADIN,03.2.2023,840.0,840.0,840.0,840.0,0.0,0.0,0.0,0.0
ADIN,02.2.2023,840.0,840.0,840.0,840.0,0.0,0.0,0.0,0.0
ADIN,01.2.2023,840.0,840.0,840.0,840.0,0.0,0.0,0.0,0.0
ADIN,31.1.2023,840.0,840.0,840.0,840.0,0.0,0.0,0.0,0.0
ADIN,30.1.2023,840.0,840.0,840.0,840.0,0.0,0.0,0.0,0.0
ADIN,27.1.2023,840.0,840.0,840.0,840.0,0.0,0.0,0.0,0.0
ADIN,26.1.2023,840.0,840.0,840.0,840.0,0.0,0.0,0.0,0.0
ADIN,25.1.2023,840.0,840.0,840.0,840.0,0.0,0.0,0.0,0.0
ADIN,24.1.2023,840.0,840.0,840.0,840.0,0.0,0.0,0.0,0.0
ADIN,23.1.2023,840.0,840.0,840.0,840.0,0.0,0.0,0.0,0.0
ADIN,20.1.2023,840.0,840.0,840.0,840.0,0.0,95.0,79800.0,79800.0
ADIN,18.1.2023,840.0,840.0,840.0,840.0,0.0,0.0,0.0,0.0
ADIN,17.1.2023,840.0,840.0,840.0,840.0,0.0,0.0,0.0,0.0
ADIN,16.1.2023,840.0,840.0,840.0,840.0,0.0,0.0,0.0,0.0
ADIN,13.1.2023,840.0,840.0,840.0,840.0,0.0,0.0,0.0,0.0
ADIN,12.1.2023,840.0,840.0,840.0,840.0,0.0,0.0,0.0,0.0
ADIN,11.1.2023,840.0,840.0,840.0,840.0,0.0,0.0,0.0,0.0
ADIN,10.1.2023,840.0,840.0,840.0,840.0,0.0,0.0,0.0,0.0
ADIN,09.1.2023,840.0,840.0,840.0,840.0,0.0,0.0,0.0,0.0
ADIN,05.1.2023,840.0,840.0,840.0,840.0,0.0,0.0,0.0,0.0
ADIN,04.1.2023,840.0,840.0,840.0,840.0,0.0,0.0,0.0,0.0
ADIN,03.1.2023,840.0,840.0,840.0,840.0,0.0,0.0,0.0,0.0
ADIN,29.12.2022,840.0,840.0,840.0,840.0,0.0,0.0,0.0,0.0
ADIN,28.12.2022,840.0,840.0,840.0,840.0,0.0,0.0,0.0,0.0
ADIN,27.12.2022,840.0,840.0,840.0,840.0,0.0,0.0,0.0,0.0
ADIN,26.12.2022,840.0,840.0,840.0,840.0,0.0,0.0,0.0,0.0
ADIN,23.12.2022,840.0,840.0,840.0,840.0,2.94,120.0,100800.0,100800.0
ADIN,22.12.2022,816.0,816.0,816.0,816.0,0.0,0.0,0.0,0.0
ADIN,21.12.2022,816.0,816.0,816.0,816.0,0.0,0.0,0.0,0.0
ADIN,20.12.2022,816.0,816.0,816.0,816.0,0.0,0.0,0.0,0.0
ADIN,19.12.2022,816.0,816.0,816.0,816.0,0.0,0.0,0.0,0.0
ADIN,16.12.2022,816.0,816.0,816.0,816.0,0.12,400.0,326400.0,326400.0
ADIN,15.12.2022,815.0,815.0,815.0,815.0,0.0,0.0,0.0,0.0
ADIN,14.12.2022,815.0,815.0,815.0,815.0,0.0,0.0,0.0,0.0
ADIN,13.12.2022,815.0,815.0,815.0,815.0,0.0,0.0,0.0,0.0
ADIN,12.12.2022,815.0,815.0,815.0,815.0,0.0,0.0,0.0,0.0
ADIN,09.12.2022,815.0,815.0,815.0,815.0,0.0,0.0,0.0,0.0
ADIN,07.12.2022,815.0,815.0,815.0,815.0,0.0,0.0,0.0,0.0
ADIN,06.12.2022,815.0,815.0,815.0,815.0,0.0,0.0,0.0,0.0
ADIN,05.12.2022,815.0,815.0,815.0,815.0,0.0,0.0,0.0,0.0
ADIN,02.12.2022,815.0,815.0,815.0,815.0,0.0,0.0,0.0,0.0
ADIN,01.12.2022,815.0,815.0,815.0,815.0,0.0,0.0,0.0,0.0
ADIN,30.11.2022,815.0,815.0,815.0,815.0,0.0,0.0,0.0,0.0
ADIN,29.11.2022,815.0,815.0,815.0,815.0,0.0,0.0,0.0,0.0
ADIN,28.11.2022,815.0,815.0,815.0,815.0,0.0,0.0,0.0,0.0
ADIN,25.11.2022,815.0,815.0,815.0,815.0,0.0,0.0,0.0,0.0
ADIN,24.11.2022,815.0,815.0,815.0,815.0,0.0,0.0,0.0,0.0
ADIN,23.11.2022,815.0,815.0,815.0,815.0,0.0,200.0,163000.0,163000.0
ADIN,22.11.2022,815.0,815.0,815.0,815.0,0.0,0.0,0.0,0.0
ADIN,21.11.2022,815.0,815.0,815.0,815.0,0.0,0.0,0.0,0.0
ADIN,18.11.2022,815.0,815.0,815.0,815.0,0.0,0.0,0.0,0.0
ADIN,17.11.2022,815.0,815.0,815.0,815.0,0.0,0.0,0.0,0.0
ADIN,16.11.2022,815.0,815.0,815.0,815.0,0.0,0.0,0.0,0.0
ADIN,15.11.2022,815.0,815.0,815.0,815.0,0.0,0.0,0.0,0.0
ADIN,14.11.2022,815.0,815.0,815.0,815.0,0.0,0.0,0.0,0.0
ADIN,11.11.2022,815.0,815.0,815.0,815.0,0.0,0.0,0.0,0.0
ADIN,10.11.2022,815.0,815.0,815.0,815.0,0.0,0.0,0.0,0.0
ADIN,09.11.2022,815.0,815.0,815.0,815.0,0.0,0.0,0.0,0.0
ADIN,08.11.2022,815.0,815.0,815.0,815.0,0.0,0.0,0.0,0.0
ADIN,07.11.2022,815.0,815.0,815.0,815.0,0.0,0.0,0.0,0.0
ADIN,04.11.2022,815.0,815.0,815.0,815.0,0.0,0.0,0.0,0.0
ADIN,03.11.2022,815.0,815.0,815.0,815.0,0.0,0.0,0.0,0.0
ADIN,02.11.2022,815.0,815.0,815.0,815.0,0.0,0.0,0.0,0.0
ADIN,01.11.2022,815.0,815.0,815.0,815.0,0.0,0.0,0.0,0.0
ADIN,31.10.2022,815.0,815.0,815.0,815.0,0.0,0.0,0.0,0.0
ADIN,28.10.2022,815.0,815.0,815.0,815.0,0.0,0.0,0.0,0.0
ADIN,27.10.2022,815.0,815.0,815.0,815.0,0.0,0.0,0.0,0.0
ADIN,26.10.2022,815.0,815.0,815.0,815.0,0.0,0.0,0.0,0.0
ADIN,25.10.2022,815.0,815.0,815.0,815.0,0.0,0.0,0.0,0.0
ADIN,21.10.2022,815.0,815.0,815.0,815.0,0.0,0.0,0.0,0.0
ADIN,20.10.2022,815.0,815.0,815.0,815.0,0.0,0.0,0.0,0.0
ADIN,19.10.2022,815.0,815.0,815.0,815.0,0.0,0.0,0.0,0.0
ADIN,18.10.2022,815.0,815.0,815.0,815.0,0.0,0.0,0.0,0.0
ADIN,17.10.2022,815.0,815.0,815.0,815.0,0.0,0.0,0.0,0.0
ADIN,14.10.2022,815.0,815.0,815.0,815.0,0.0,0.0,0.0,0.0
ADIN,13.10.2022,815.0,815.0,815.0,815.0,0.0,0.0,0.0,0.0
ADIN,12.10.2022,815.0,815.0,815.0,815.0,0.0,0.0,0.0,0.0
ADIN,10.10.2022,815.0,815.0,815.0,815.0,0.0,0.0,0.0,0.0
ADIN,07.10.2022,815.0,815.0,815.0,815.0,0.0,0.0,0.0,0.0
ADIN,06.10.2022,815.0,815.0,815.0,815.0,0.0,0.0,0.0,0.0
ADIN,05.10.2022,815.0,815.0,815.0,815.0,0.0,0.0,0.0,0.0
ADIN,04.10.2022,815.0,815.0,815.0,815.0,0.0,0.0,0.0,0.0
ADIN,03.10.2022,815.0,815.0,815.0,815.0,0.0,0.0,0.0,0.0
ADIN,30.9.2022,815.0,815.0,815.0,815.0,0.0,0.0,0.0,0.0
ADIN,29.9.2022,815.0,815.0,815.0,815.0,0.0,0.0,0.0,0.0
ADIN,28.9.2022,815.0,815.0,815.0,815.0,0.0,0.0,0.0,0.0
ADIN,27.9.2022,815.0,815.0,815.0,815.0,0.0,0.0,0.0,0.0
ADIN,26.9.2022,815.0,815.0,815.0,815.0,0.0,0.0,0.0,0.0
ADIN,23.9.2022,815.0,815.0,815.0,815.0,0.0,0.0,0.0,0.0
ADIN,22.9.2022,815.0,815.0,815.0,815.0,0.0,0.0,0.0,0.0
ADIN,21.9.2022,815.0,815.0,815.0,815.0,0.0,0.0,0.0,0.0
ADIN,20.9.2022,815.0,815.0,815.0,815.0,0.0,0.0,0.0,0.0
ADIN,19.9.2022,815.0,815.0,815.0,815.0,0.0,0.0,0.0,0.0
ADIN,16.9.2022,815.0,815.0,815.0,815.0,0.0,0.0,0.0,0.0
ADIN,15.9.2022,815.0,815.0,815.0,815.0,0.0,0.0,0.0,0.0
ADIN,14.9.2022,815.0,815.0,815.0,815.0,0.0,0.0,0.0,0.0
ADIN,13.9.2022,815.0,815.0,815.0,815.0,0.0,0.0,0.0,0.0
ADIN,12.9.2022,815.0,815.0,815.0,815.0,0.0,0.0,0.0,0.0
ADIN,09.9.2022,815.0,815.0,815.0,815.0,0.0,0.0,0.0,0.0
ADIN,07.9.2022,815.0,815.0,815.0,815.0,0.0,0.0,0.0,0.0
ADIN,06.9.2022,815.0,815.0,815.0,815.0,0.0,0.0,0.0,0.0
ADIN,05.9.2022,815.0,815.0,815.0,815.0,0.0,0.0,0.0,0.0
ADIN,02.9.2022,815.0,815.0,815.0,815.0,0.0,0.0,0.0,0.0
ADIN,01.9.2022,815.0,815.0,815.0,815.0,0.0,0.0,0.0,0.0
ADIN,31.8.2022,815.0,815.0,815.0,815.0,0.0,0.0,0.0,0.0
ADIN,30.8.2022,815.0,815.0,815.0,815.0,0.0,0.0,0.0,0.0
ADIN,29.8.2022,815.0,815.0,815.0,815.0,0.0,0.0,0.0,0.0
ADIN,26.8.2022,815.0,815.0,815.0,815.0,0.0,0.0,0.0,0.0
ADIN,25.8.2022,815.0,815.0,815.0,815.0,0.0,0.0,0.0,0.0
ADIN,24.8.2022,815.0,815.0,815.0,815.0,0.0,0.0,0.0,0.0
ADIN,23.8.2022,815.0,815.0,815.0,815.0,0.0,0.0,0.0,0.0
ADIN,22.8.2022,815.0,815.0,815.0,815.0,0.0,0.0,0.0,0.0
ADIN,19.8.2022,815.0,815.0,815.0,815.0,0.0,0.0,0.0,0.0
ADIN,18.8.2022,815.0,815.0,815.0,815.0,0.0,0.0,0.0,0.0
ADIN,17.8.2022,815.0,815.0,815.0,815.0,0.0,0.0,0.0,0.0
ADIN,16.8.2022,815.0,815.0,815.0,815.0,0.0,0.0,0.0,0.0
ADIN,15.8.2022,815.0,815.0,815.0,815.0,0.0,0.0,0.0,0.0
ADIN,12.8.2022,815.0,815.0,815.0,815.0,0.0,0.0,0.0,0.0
ADIN,11.8.2022,815.0,815.0,815.0,815.0,0.0,0.0,0.0,0.0
ADIN,10.8.2022,815.0,815.0,815.0,815.0,0.0,0.0,0.0,0.0
ADIN,09.8.2022,815.0,815.0,815.0,815.0,0.0,0.0,0.0,0.0
ADIN,08.8.2022,815.0,815.0,815.0,815.0,0.0,0.0,0.0,0.0
ADIN,05.8.2022,815.0,815.0,815.0,815.0,0.0,0.0,0.0,0.0
ADIN,04.8.2022,815.0,815.0,815.0,815.0,0.0,0.0,0.0,0.0
ADIN,03.8.2022,815.0,815.0,815.0,815.0,0.0,0.0,0.0,0.0
ADIN,01.8.2022,815.0,815.0,815.0,815.0,0.0,0.0,0.0,0.0
ADIN,29.7.2022,815.0,815.0,815.0,815.0,0.0,0.0,0.0,0.0
ADIN,28.7.2022,815.0,815.0,815.0,815.0,0.0,0.0,0.0,0.0
ADIN,27.7.2022,815.0,815.0,815.0,815.0,0.0,0.0,0.0,0.0
ADIN,26.7.2022,815.0,815.0,815.0,815.0,0.0,0.0,0.0,0.0
ADIN,25.7.2022,815.0,815.0,815.0,815.0,0.0,0.0,0.0,0.0
ADIN,22.7.2022,815.0,815.0,815.0,815.0,1.24,10.0,8150.0,8150.0
ADIN,21.7.2022,805.0,805.0,805.0,805.0,0.0,0.0,0.0,0.0
ADIN,20.7.2022,805.0,805.0,805.0,805.0,0.0,0.0,0.0,0.0
ADIN,19.7.2022,805.0,805.0,805.0,805.0,0.0,0.0,0.0,0.0
ADIN,18.7.2022,805.0,805.0,805.0,805.0,0.0,0.0,0.0,0.0
ADIN,15.7.2022,805.0,805.0,805.0,805.0,0.0,0.0,0.0,0.0
ADIN,14.7.2022,805.0,805.0,805.0,805.0,0.0,0.0,0.0,0.0
ADIN,13.7.2022,805.0,805.0,805.0,805.0,0.0,0.0,0.0,0.0
ADIN,12.7.2022,805.0,805.0,805.0,805.0,0.0,0.0,0.0,0.0
ADIN,11.7.2022,805.0,805.0,805.0,805.0,0.0,0.0,0.0,0.0
ADIN,08.7.2022,805.0,805.0,805.0,805.0,0.0,0.0,0.0,0.0
ADIN,07.7.2022,805.0,805.0,805.0,805.0,0.0,0.0,0.0,0.0
ADIN,06.7.2022,805.0,805.0,805.0,805.0,0.0,0.0,0.0,0.0
ADIN,05.7.2022,805.0,805.0,805.0,805.0,0.0,0.0,0.0,0.0
ADIN,04.7.2022,805.0,805.0,805.0,805.0,0.0,0.0,0.0,0.0
ADIN,01.7.2022,805.0,805.0,805.0,805.0,0.0,0.0,0.0,0.0
ADIN,30.6.2022,805.0,805.0,805.0,805.0,0.0,0.0,0.0,0.0
ADIN,29.6.2022,805.0,805.0,805.0,805.0,0.0,0.0,0.0,0.0
ADIN,28.6.2022,805.0,805.0,805.0,805.0,0.0,0.0,0.0,0.0
ADIN,27.6.2022,805.0,805.0,805.0,805.0,0.0,0.0,0.0,0.0
ADIN,24.6.2022,805.0,805.0,805.0,805.0,0.0,0.0,0.0,0.0
ADIN,23.6.2022,805.0,805.0,805.0,805.0,0.0,0.0,0.0,0.0
ADIN,22.6.2022,805.0,805.0,805.0,805.0,0.0,0.0,0.0,0.0
ADIN,21.6.2022,805.0,805.0,805.0,805.0,0.0,0.0,0.0,0.0
ADIN,20.6.2022,805.0,805.0,805.0,805.0,0.0,0.0,0.0,0.0
ADIN,17.6.2022,805.0,805.0,805.0,805.0,0.0,0.0,0.0,0.0
ADIN,16.6.2022,805.0,805.0,805.0,805.0,0.0,0.0,0.0,0.0
ADIN,15.6.2022,805.0,805.0,805.0,805.0,0.0,0.0,0.0,0.0
ADIN,14.6.2022,805.0,805.0,805.0,805.0,0.0,0.0,0.0,0.0
ADIN,13.6.2022,805.0,805.0,805.0,805.0,0.0,0.0,0.0,0.0
ADIN,09.6.2022,805.0,805.0,805.0,805.0,0.0,0.0,0.0,0.0
ADIN,08.6.2022,805.0,805.0,805.0,805.0,0.0,0.0,0.0,0.0
ADIN,07.6.2022,805.0,805.0,805.0,805.0,0.0,0.0,0.0,0.0
ADIN,06.6.2022,805.0,805.0,805.0,805.0,0.0,0.0,0.0,0.0
ADIN,03.6.2022,805.0,805.0,805.0,805.0,0.0,0.0,0.0,0.0
ADIN,02.6.2022,805.0,805.0,805.0,805.0,0.0,0.0,0.0,0.0
ADIN,01.6.2022,805.0,805.0,805.0,805.0,0.0,0.0,0.0,0.0
ADIN,31.5.2022,805.0,805.0,805.0,805.0,2.94,50.0,40250.0,40250.0
ADIN,30.5.2022,782.0,782.0,782.0,782.0,0.0,0.0,0.0,8616168.0
ADIN,27.5.2022,782.0,782.0,782.0,782.0,0.0,0.0,0.0,0.0
ADIN,26.5.2022,782.0,782.0,782.0,782.0,0.0,0.0,0.0,0.0
ADIN,25.5.2022,782.0,782.0,782.0,782.0,0.0,0.0,0.0,0.0
ADIN,23.5.2022,782.0,782.0,782.0,782.0,0.0,0.0,0.0,0.0
ADIN,20.5.2022,782.0,782.0,782.0,782.0,0.0,0.0,0.0,0.0
ADIN,19.5.2022,782.0,782.0,782.0,782.0,0.0,0.0,0.0,0.0
ADIN,18.5.2022,782.0,782.0,782.0,782.0,0.0,0.0,0.0,0.0
ADIN,17.5.2022,782.0,782.0,782.0,782.0,0.0,0.0,0.0,0.0
ADIN,16.5.2022,782.0,782.0,782.0,782.0,0.0,0.0,0.0,0.0
ADIN,13.5.2022,782.0,782.0,782.0,782.0,0.0,0.0,0.0,0.0
ADIN,12.5.2022,782.0,782.0,782.0,782.0,2.89,10.0,7820.0,7820.0
ADIN,11.5.2022,760.0,760.0,760.0,760.0,0.0,0.0,0.0,0.0
ADIN,10.5.2022,760.0,760.0,760.0,760.0,0.0,0.0,0.0,0.0
ADIN,09.5.2022,760.0,760.0,760.0,760.0,0.0,0.0,0.0,0.0
ADIN,06.5.2022,760.0,760.0,760.0,760.0,0.0,0.0,0.0,0.0
ADIN,05.5.2022,760.0,760.0,760.0,760.0,0.0,0.0,0.0,0.0
ADIN,04.5.2022,760.0,760.0,760.0,760.0,0.0,0.0,0.0,0.0
ADIN,03.5.2022,760.0,760.0,760.0,760.0,0.0,0.0,0.0,0.0
ADIN,29.4.2022,760.0,760.0,760.0,760.0,0.0,0.0,0.0,0.0
ADIN,28.4.2022,760.0,760.0,760.0,760.0,0.0,0.0,0.0,0.0
ADIN,27.4.2022,760.0,760.0,760.0,760.0,0.0,0.0,0.0,0.0
ADIN,26.4.2022,760.0,760.0,760.0,760.0,0.0,0.0,0.0,0.0
ADIN,21.4.2022,760.0,760.0,760.0,760.0,0.0,0.0,0.0,0.0
ADIN,20.4.2022,760.0,760.0,760.0,760.0,0.0,0.0,0.0,0.0
ADIN,19.4.2022,760.0,760.0,760.0,760.0,0.0,0.0,0.0,0.0
ADIN,18.4.2022,760.0,760.0,760.0,760.0,0.0,0.0,0.0,0.0
ADIN,15.4.2022,760.0,760.0,760.0,760.0,0.0,0.0,0.0,0.0
ADIN,14.4.2022,760.0,760.0,760.0,760.0,0.0,0.0,0.0,0.0
ADIN,13.4.2022,760.0,760.0,760.0,760.0,0.0,0.0,0.0,0.0
ADIN,12.4.2022,760.0,760.0,760.0,760.0,0.0,0.0,0.0,0.0
ADIN,11.4.2022,760.0,760.0,760.0,760.0,0.0,0.0,0.0,0.0
ADIN,08.4.2022,760.0,760.0,760.0,760.0,0.0,0.0,0.0,0.0
ADIN,07.4.2022,760.0,760.0,760.0,760.0,0.0,0.0,0.0,0.0
ADIN,06.4.2022,760.0,760.0,760.0,760.0,0.0,0.0,0.0,0.0
ADIN,05.4.2022,760.0,760.0,760.0,760.0,0.0,0.0,0.0,0.0
ADIN,04.4.2022,760.0,760.0,760.0,760.0,0.0,0.0,0.0,0.0
ADIN,01.4.2022,760.0,760.0,760.0,760.0,0.0,0.0,0.0,0.0
ADIN,31.3.2022,760.0,760.0,760.0,760.0,0.0,0.0,0.0,0.0
ADIN,30.3.2022,760.0,760.0,760.0,760.0,0.0,0.0,0.0,0.0
ADIN,29.3.2022,760.0,760.0,760.0,760.0,0.0,0.0,0.0,0.0
ADIN,28.3.2022,760.0,760.0,760.0,760.0,0.0,0.0,0.0,0.0
ADIN,25.3.2022,760.0,760.0,760.0,760.0,0.0,0.0,0.0,0.0
ADIN,24.3.2022,760.0,760.0,760.0,760.0,0.0,0.0,0.0,0.0
ADIN,23.3.2022,760.0,760.0,760.0,760.0,0.0,0.0,0.0,0.0
ADIN,22.3.2022,760.0,760.0,760.0,760.0,0.0,0.0,0.0,0.0
ADIN,21.3.2022,760.0,760.0,760.0,760.0,0.0,0.0,0.0,0.0
ADIN,18.3.2022,760.0,760.0,760.0,760.0,1.2,550.0,418000.0,418000.0
ADIN,17.3.2022,751.0,751.0,751.0,751.0,0.0,0.0,0.0,0.0
ADIN,16.3.2022,751.0,751.0,751.0,751.0,0.13,1.1,826100.0,826100.0
ADIN,15.3.2022,750.0,750.0,750.0,750.0,0.0,0.0,0.0,0.0
ADIN,14.3.2022,750.0,750.0,750.0,750.0,0.0,0.0,0.0,0.0
ADIN,11.3.2022,750.0,750.0,750.0,750.0,0.0,0.0,0.0,0.0
ADIN,10.3.2022,750.0,750.0,750.0,750.0,0.0,0.0,0.0,0.0
ADIN,09.3.2022,750.0,750.0,750.0,750.0,0.0,0.0,0.0,0.0
ADIN,08.3.2022,750.0,750.0,750.0,750.0,0.0,0.0,0.0,0.0
ADIN,07.3.2022,750.0,750.0,750.0,750.0,0.0,100.0,75000.0,75000.0
ADIN,04.3.2022,750.0,750.0,750.0,750.0,0.0,0.0,0.0,0.0
ADIN,03.3.2022,750.0,750.0,750.0,750.0,0.0,0.0,0.0,0.0
ADIN,02.3.2022,750.0,750.0,750.0,750.0,0.0,0.0,0.0,0.0
ADIN,01.3.2022,750.0,750.0,750.0,750.0,0.0,0.0,0.0,0.0
ADIN,28.2.2022,750.0,750.0,750.0,750.0,0.0,0.0,0.0,0.0
ADIN,25.2.2022,750.0,750.0,750.0,750.0,0.0,0.0,0.0,0.0
ADIN,24.2.2022,750.0,750.0,750.0,750.0,2.46,120.0,90000.0,90000.0
ADIN,23.2.2022,732.0,732.0,732.0,732.0,0.0,0.0,0.0,0.0
ADIN,22.2.2022,732.0,732.0,732.0,732.0,0.0,0.0,0.0,0.0
ADIN,21.2.2022,732.0,732.0,732.0,732.0,2.95,30.0,21960.0,21960.0
ADIN,18.2.2022,711.0,711.0,711.0,711.0,0.0,0.0,0.0,0.0
ADIN,17.2.2022,711.0,711.0,711.0,711.0,0.0,0.0,0.0,0.0
ADIN,16.2.2022,711.0,711.0,711.0,711.0,0.0,0.0,0.0,0.0
ADIN,15.2.2022,711.0,711.0,711.0,711.0,0.0,0.0,0.0,0.0
ADIN,14.2.2022,711.0,711.0,711.0,711.0,0.0,0.0,0.0,0.0
ADIN,11.2.2022,711.0,711.0,711.0,711.0,0.0,0.0,0.0,0.0
ADIN,10.2.2022,711.0,711.0,711.0,711.0,0.0,0.0,0.0,0.0
ADIN,09.2.2022,711.0,711.0,711.0,711.0,0.0,0.0,0.0,0.0
ADIN,08.2.2022,711.0,711.0,711.0,711.0,0.0,0.0,0.0,0.0
ADIN,07.2.2022,711.0,711.0,711.0,711.0,0.0,0.0,0.0,0.0
ADIN,04.2.2022,711.0,711.0,711.0,711.0,0.0,0.0,0.0,0.0
ADIN,03.2.2022,711.0,711.0,711.0,711.0,0.0,0.0,0.0,0.0
ADIN,02.2.2022,711.0,711.0,711.0,711.0,0.0,0.0,0.0,0.0
ADIN,01.2.2022,711.0,711.0,711.0,711.0,0.0,0.0,0.0,0.0
ADIN,31.1.2022,711.0,711.0,711.0,711.0,0.0,0.0,0.0,0.0
ADIN,28.1.2022,711.0,711.0,711.0,711.0,0.0,0.0,0.0,0.0
ADIN,27.1.2022,711.0,711.0,711.0,711.0,0.0,0.0,0.0,0.0
ADIN,26.1.2022,711.0,711.0,711.0,711.0,0.0,0.0,0.0,0.0
ADIN,25.1.2022,711.0,711.0,711.0,711.0,0.0,0.0,0.0,0.0
ADIN,24.1.2022,711.0,711.0,711.0,711.0,0.0,0.0,0.0,0.0
ADIN,21.1.2022,711.0,711.0,711.0,711.0,0.0,0.0,0.0,0.0
ADIN,20.1.2022,711.0,711.0,711.0,711.0,0.0,0.0,0.0,0.0
ADIN,18.1.2022,711.0,711.0,711.0,711.0,0.0,0.0,0.0,0.0
ADIN,17.1.2022,711.0,711.0,711.0,711.0,0.99,30.0,21330.0,21330.0
ADIN,14.1.2022,704.0,704.0,704.0,704.0,0.0,0.0,0.0,0.0
ADIN,13.1.2022,704.0,704.0,704.0,704.0,0.57,25.0,17600.0,17600.0
ADIN,12.1.2022,700.0,700.0,700.0,700.0,0.0,0.0,0.0,0.0
ADIN,11.1.2022,700.0,700.0,700.0,700.0,0.0,0.0,0.0,0.0
ADIN,10.1.2022,700.0,700.0,700.0,700.0,0.0,0.0,0.0,0.0
ADIN,05.1.2022,700.0,700.0,700.0,700.0,0.0,0.0,0.0,0.0
ADIN,04.1.2022,700.0,700.0,700.0,700.0,0.0,0.0,0.0,0.0
ADIN,03.1.2022,700.0,700.0,700.0,700.0,0.0,0.0,0.0,0.0
ADIN,30.12.2021,700.0,700.0,700.0,700.0,0.0,0.0,0.0,0.0
ADIN,29.12.2021,700.0,700.0,700.0,700.0,0.0,0.0,0.0,0.0
ADIN,28.12.2021,700.0,700.0,700.0,700.0,0.0,0.0,0.0,0.0
ADIN,27.12.2021,700.0,700.0,700.0,700.0,0.0,0.0,0.0,0.0
ADIN,24.12.2021,700.0,700.0,700.0,700.0,0.0,0.0,0.0,0.0
ADIN,23.12.2021,700.0,700.0,700.0,700.0,0.0,0.0,0.0,0.0
ADIN,22.12.2021,700.0,700.0,700.0,700.0,0.0,0.0,0.0,0.0
ADIN,21.12.2021,700.0,700.0,700.0,700.0,0.0,0.0,0.0,0.0
ADIN,20.12.2021,700.0,700.0,700.0,700.0,0.0,0.0,0.0,0.0
ADIN,17.12.2021,700.0,700.0,700.0,700.0,0.0,0.0,0.0,0.0
ADIN,16.12.2021,700.0,700.0,700.0,700.0,0.0,0.0,0.0,0.0
ADIN,15.12.2021,700.0,700.0,700.0,700.0,0.0,0.0,0.0,0.0
ADIN,14.12.2021,700.0,700.0,700.0,700.0,0.0,0.0,0.0,0.0
ADIN,13.12.2021,700.0,700.0,700.0,700.0,0.0,0.0,0.0,0.0
ADIN,10.12.2021,700.0,700.0,700.0,700.0,0.0,0.0,0.0,0.0
ADIN,09.12.2021,700.0,700.0,700.0,700.0,0.0,0.0,0.0,0.0
ADIN,07.12.2021,700.0,700.0,700.0,700.0,0.0,0.0,0.0,0.0
ADIN,06.12.2021,700.0,700.0,700.0,700.0,0.0,0.0,0.0,0.0
ADIN,03.12.2021,700.0,700.0,700.0,700.0,0.0,0.0,0.0,0.0
ADIN,02.12.2021,700.0,700.0,700.0,700.0,0.0,0.0,0.0,0.0
ADIN,01.12.2021,700.0,700.0,700.0,700.0,0.0,0.0,0.0,0.0
ADIN,30.11.2021,700.0,700.0,700.0,700.0,0.0,0.0,0.0,0.0
ADIN,29.11.2021,700.0,700.0,700.0,700.0,0.0,0.0,0.0,0.0
ADIN,26.11.2021,700.0,700.0,700.0,700.0,0.0,0.0,0.0,0.0
ADIN,25.11.2021,700.0,700.0,700.0,700.0,0.0,0.0,0.0,0.0
ADIN,24.11.2021,700.0,700.0,700.0,700.0,0.0,0.0,0.0,0.0
ADIN,23.11.2021,700.0,700.0,700.0,700.0,0.0,0.0,0.0,0.0
ADIN,22.11.2021,700.0,700.0,700.0,700.0,0.0,0.0,0.0,0.0
ADIN,19.11.2021,700.0,700.0,700.0,700.0,0.0,0.0,0.0,0.0
ADIN,18.11.2021,700.0,700.0,700.0,700.0,0.0,0.0,0.0,0.0
ADIN,17.11.2021,700.0,700.0,700.0,700.0,0.0,50.0,35000.0,35000.0
ADIN,16.11.2021,700.0,700.0,700.0,700.0,0.0,0.0,0.0,0.0
ADIN,15.11.2021,700.0,700.0,700.0,700.0,0.0,0.0,0.0,0.0
ADIN,12.11.2021,700.0,700.0,700.0,700.0,0.0,0.0,0.0,0.0
ADIN,11.11.2021,700.0,700.0,700.0,700.0,0.0,0.0,0.0,0.0
ADIN,10.11.2021,700.0,700.0,700.0,700.0,0.0,0.0,0.0,0.0
ADIN,09.11.2021,700.0,700.0,700.0,700.0,0.0,0.0,0.0,0.0
ADIN,08.11.2021,700.0,700.0,700.0,700.0,0.0,0.0,0.0,0.0
ADIN,05.11.2021,700.0,700.0,700.0,700.0,0.0,0.0,0.0,0.0
ADIN,04.11.2021,700.0,700.0,700.0,700.0,0.0,0.0,0.0,0.0
ADIN,03.11.2021,700.0,700.0,700.0,700.0,0.0,0.0,0.0,0.0
ADIN,02.11.2021,700.0,700.0,700.0,700.0,0.0,0.0,0.0,0.0
ADIN,01.11.2021,700.0,700.0,700.0,700.0,0.0,0.0,0.0,0.0
ADIN,29.10.2021,700.0,700.0,700.0,700.0,0.0,0.0,0.0,0.0
ADIN,28.10.2021,700.0,700.0,700.0,700.0,0.0,0.0,0.0,0.0
ADIN,27.10.2021,700.0,700.0,700.0,700.0,0.0,61.0,42700.0,42700.0
ADIN,26.10.2021,700.0,700.0,700.0,700.0,0.0,0.0,0.0,0.0
ADIN,25.10.2021,700.0,700.0,700.0,700.0,0.0,0.0,0.0,0.0
ADIN,22.10.2021,700.0,700.0,700.0,700.0,0.0,30.0,21000.0,21000.0
ADIN,21.10.2021,700.0,700.0,700.0,700.0,0.0,0.0,0.0,0.0
ADIN,20.10.2021,700.0,700.0,700.0,700.0,0.0,0.0,0.0,0.0
ADIN,19.10.2021,700.0,700.0,700.0,700.0,0.0,0.0,0.0,0.0
ADIN,18.10.2021,700.0,700.0,700.0,700.0,0.0,0.0,0.0,0.0
ADIN,15.10.2021,700.0,700.0,700.0,700.0,0.0,0.0,0.0,0.0
ADIN,14.10.2021,700.0,700.0,700.0,700.0,0.0,0.0,0.0,0.0
ADIN,13.10.2021,700.0,700.0,700.0,700.0,0.0,0.0,0.0,0.0
ADIN,12.10.2021,700.0,700.0,700.0,700.0,0.0,0.0,0.0,0.0
ADIN,08.10.2021,700.0,700.0,700.0,700.0,0.0,0.0,0.0,0.0
ADIN,07.10.2021,700.0,700.0,700.0,700.0,0.0,0.0,0.0,0.0
ADIN,06.10.2021,700.0,700.0,700.0,700.0,0.0,0.0,0.0,0.0
ADIN,05.10.2021,700.0,700.0,700.0,700.0,0.0,0.0,0.0,0.0
ADIN,04.10.2021,700.0,700.0,700.0,700.0,0.0,0.0,0.0,0.0
ADIN,01.10.2021,700.0,700.0,700.0,700.0,0.0,0.0,0.0,0.0
ADIN,30.9.2021,700.0,700.0,700.0,700.0,0.0,0.0,0.0,0.0
ADIN,29.9.2021,700.0,700.0,700.0,700.0,0.0,0.0,0.0,0.0
ADIN,28.9.2021,700.0,700.0,700.0,700.0,0.0,0.0,0.0,0.0
ADIN,27.9.2021,700.0,700.0,700.0,700.0,2.79,61.0,42700.0,42700.0
ADIN,24.9.2021,681.0,681.0,681.0,681.0,0.0,0.0,0.0,0.0
ADIN,23.9.2021,681.0,681.0,681.0,681.0,0.0,0.0,0.0,0.0
ADIN,22.9.2021,681.0,681.0,681.0,681.0,0.0,0.0,0.0,0.0
ADIN,21.9.2021,681.0,681.0,681.0,681.0,4.45,50.0,34050.0,34050.0
ADIN,20.9.2021,652.0,652.0,652.0,652.0,0.0,0.0,0.0,0.0
ADIN,17.9.2021,652.0,652.0,652.0,652.0,0.0,0.0,0.0,0.0
ADIN,16.9.2021,652.0,652.0,652.0,652.0,0.0,0.0,0.0,0.0
ADIN,15.9.2021,652.0,652.0,652.0,652.0,0.0,0.0,0.0,0.0
ADIN,14.9.2021,652.0,652.0,652.0,652.0,0.0,0.0,0.0,0.0
ADIN,13.9.2021,652.0,652.0,652.0,652.0,0.0,0.0,0.0,0.0
ADIN,10.9.2021,652.0,652.0,652.0,652.0,0.0,0.0,0.0,0.0
ADIN,09.9.2021,652.0,652.0,652.0,652.0,0.0,0.0,0.0,0.0
ADIN,07.9.2021,652.0,652.0,652.0,652.0,0.0,0.0,0.0,0.0
ADIN,06.9.2021,652.0,652.0,652.0,652.0,0.0,0.0,0.0,0.0
ADIN,03.9.2021,652.0,652.0,652.0,652.0,0.0,0.0,0.0,0.0
ADIN,02.9.2021,652.0,652.0,652.0,652.0,0.0,0.0,0.0,0.0
ADIN,01.9.2021,652.0,652.0,652.0,652.0,0.0,0.0,0.0,0.0
ADIN,31.8.2021,652.0,652.0,652.0,652.0,0.0,0.0,0.0,0.0
ADIN,30.8.2021,652.0,652.0,652.0,652.0,0.0,0.0,0.0,0.0
ADIN,27.8.2021,652.0,652.0,652.0,652.0,0.0,0.0,0.0,0.0
ADIN,26.8.2021,652.0,652.0,652.0,652.0,0.0,0.0,0.0,0.0
ADIN,25.8.2021,652.0,652.0,652.0,652.0,0.0,0.0,0.0,0.0
ADIN,24.8.2021,652.0,652.0,652.0,652.0,0.0,0.0,0.0,0.0
ADIN,23.8.2021,652.0,652.0,652.0,652.0,0.0,0.0,0.0,0.0
ADIN,20.8.2021,652.0,652.0,652.0,652.0,0.0,0.0,0.0,0.0
ADIN,19.8.2021,652.0,652.0,652.0,652.0,0.0,0.0,0.0,0.0
ADIN,18.8.2021,652.0,652.0,652.0,652.0,0.0,0.0,0.0,0.0
ADIN,17.8.2021,652.0,652.0,652.0,652.0,0.0,0.0,0.0,0.0
ADIN,16.8.2021,652.0,652.0,652.0,652.0,0.0,0.0,0.0,0.0
ADIN,13.8.2021,652.0,652.0,652.0,652.0,0.0,0.0,0.0,0.0
ADIN,12.8.2021,652.0,652.0,652.0,652.0,0.0,0.0,0.0,0.0
ADIN,11.8.2021,652.0,652.0,652.0,652.0,0.0,0.0,0.0,0.0
ADIN,10.8.2021,652.0,652.0,652.0,652.0,0.0,0.0,0.0,0.0
ADIN,09.8.2021,652.0,652.0,652.0,652.0,0.0,0.0,0.0,0.0
ADIN,06.8.2021,652.0,652.0,652.0,652.0,0.0,0.0,0.0,0.0
ADIN,05.8.2021,652.0,652.0,652.0,652.0,0.0,0.0,0.0,0.0
ADIN,04.8.2021,652.0,652.0,652.0,652.0,0.0,0.0,0.0,0.0
ADIN,03.8.2021,652.0,652.0,652.0,652.0,0.0,0.0,0.0,0.0
ADIN,30.7.2021,652.0,652.0,652.0,652.0,0.0,0.0,0.0,0.0
ADIN,29.7.2021,652.0,652.0,652.0,652.0,0.0,0.0,0.0,0.0
ADIN,28.7.2021,652.0,652.0,652.0,652.0,0.0,0.0,0.0,0.0
ADIN,27.7.2021,652.0,652.0,652.0,652.0,-1.36,50.0,32600.0,32600.0
ADIN,26.7.2021,661.0,661.0,661.0,661.0,0.0,0.0,0.0,0.0
ADIN,23.7.2021,661.0,661.0,661.0,661.0,0.0,0.0,0.0,0.0
ADIN,22.7.2021,661.0,661.0,661.0,661.0,0.0,0.0,0.0,0.0
ADIN,21.7.2021,661.0,661.0,661.0,661.0,0.0,0.0,0.0,0.0
ADIN,20.7.2021,661.0,661.0,661.0,661.0,0.0,0.0,0.0,0.0
ADIN,19.7.2021,661.0,661.0,661.0,661.0,0.0,0.0,0.0,0.0
ADIN,16.7.2021,661.0,661.0,661.0,661.0,0.0,0.0,0.0,0.0
ADIN,15.7.2021,661.0,661.0,661.0,661.0,0.0,0.0,0.0,0.0
ADIN,14.7.2021,661.0,661.0,661.0,661.0,0.0,0.0,0.0,0.0
ADIN,13.7.2021,661.0,661.0,661.0,661.0,0.0,0.0,0.0,0.0
ADIN,12.7.2021,661.0,661.0,661.0,661.0,0.0,0.0,0.0,0.0
ADIN,09.7.2021,661.0,661.0,661.0,661.0,0.0,0.0,0.0,0.0
ADIN,08.7.2021,661.0,661.0,661.0,661.0,0.0,0.0,0.0,0.0
ADIN,07.7.2021,661.0,661.0,661.0,661.0,0.0,0.0,0.0,0.0
ADIN,06.7.2021,661.0,661.0,661.0,661.0,0.0,0.0,0.0,0.0
ADIN,05.7.2021,661.0,661.0,661.0,661.0,0.0,0.0,0.0,0.0
ADIN,02.7.2021,661.0,661.0,661.0,661.0,0.0,0.0,0.0,0.0
ADIN,01.7.2021,661.0,661.0,661.0,661.0,0.0,0.0,0.0,0.0
ADIN,30.6.2021,661.0,661.0,661.0,661.0,4.42,50.0,33050.0,33050.0
ADIN,29.6.2021,633.0,633.0,633.0,633.0,0.0,0.0,0.0,0.0
ADIN,28.6.2021,633.0,633.0,633.0,633.0,0.0,0.0,0.0,0.0
ADIN,25.6.2021,633.0,633.0,633.0,633.0,0.0,0.0,0.0,0.0
ADIN,24.6.2021,633.0,633.0,633.0,633.0,0.0,0.0,0.0,0.0
ADIN,23.6.2021,633.0,633.0,633.0,633.0,0.0,0.0,0.0,0.0
ADIN,22.6.2021,633.0,633.0,633.0,633.0,0.0,0.0,0.0,0.0
ADIN,21.6.2021,633.0,633.0,633.0,633.0,0.0,0.0,0.0,0.0
ADIN,17.6.2021,633.0,633.0,633.0,633.0,0.0,0.0,0.0,0.0
ADIN,16.6.2021,633.0,633.0,633.0,633.0,0.0,0.0,0.0,0.0
ADIN,15.6.2021,633.0,633.0,633.0,633.0,0.0,0.0,0.0,0.0
ADIN,14.6.2021,633.0,633.0,633.0,633.0,0.0,0.0,0.0,0.0
ADIN,11.6.2021,633.0,633.0,633.0,633.0,0.0,0.0,0.0,0.0
ADIN,10.6.2021,633.0,633.0,633.0,633.0,0.0,0.0,0.0,0.0
ADIN,09.6.2021,633.0,633.0,633.0,633.0,0.0,0.0,0.0,0.0
ADIN,08.6.2021,633.0,633.0,633.0,633.0,0.0,0.0,0.0,0.0
ADIN,07.6.2021,633.0,633.0,633.0,633.0,0.0,0.0,0.0,0.0
ADIN,04.6.2021,633.0,633.0,633.0,633.0,0.0,0.0,0.0,0.0
ADIN,03.6.2021,633.0,633.0,633.0,633.0,0.0,0.0,0.0,0.0
ADIN,02.6.2021,633.0,633.0,633.0,633.0,0.0,0.0,0.0,0.0
ADIN,01.6.2021,633.0,633.0,633.0,633.0,0.0,0.0,0.0,0.0
ADIN,31.5.2021,633.0,633.0,633.0,633.0,0.0,0.0,0.0,0.0
ADIN,28.5.2021,633.0,633.0,633.0,633.0,0.0,0.0,0.0,0.0
ADIN,27.5.2021,633.0,633.0,633.0,633.0,0.0,0.0,0.0,0.0
ADIN,26.5.2021,633.0,633.0,633.0,633.0,0.0,0.0,0.0,0.0
ADIN,25.5.2021,633.0,633.0,633.0,633.0,0.0,0.0,0.0,0.0
ADIN,21.5.2021,633.0,633.0,633.0,633.0,0.0,0.0,0.0,0.0
ADIN,20.5.2021,633.0,633.0,633.0,633.0,0.0,0.0,0.0,0.0
ADIN,19.5.2021,633.0,633.0,633.0,633.0,0.0,0.0,0.0,0.0
ADIN,18.5.2021,633.0,633.0,633.0,633.0,0.0,0.0,0.0,0.0
ADIN,17.5.2021,633.0,633.0,633.0,633.0,0.0,0.0,0.0,0.0
ADIN,14.5.2021,633.0,633.0,633.0,633.0,-15.6,100.0,63300.0,63300.0
ADIN,12.5.2021,750.0,750.0,750.0,750.0,0.0,0.0,0.0,0.0
ADIN,11.5.2021,750.0,750.0,750.0,750.0,0.0,0.0,0.0,0.0
ADIN,10.5.2021,750.0,750.0,750.0,750.0,0.0,0.0,0.0,0.0
ADIN,07.5.2021,750.0,750.0,750.0,750.0,0.0,0.0,0.0,0.0
ADIN,06.5.2021,750.0,750.0,750.0,750.0,0.0,0.0,0.0,0.0
ADIN,05.5.2021,750.0,750.0,750.0,750.0,0.0,50.0,37500.0,37500.0
ADIN,04.5.2021,750.0,750.0,750.0,750.0,0.0,0.0,0.0,0.0
ADIN,29.4.2021,750.0,750.0,750.0,750.0,0.0,0.0,0.0,0.0
ADIN,28.4.2021,750.0,750.0,750.0,750.0,0.0,120.0,90000.0,90000.0
ADIN,27.4.2021,750.0,750.0,750.0,750.0,0.0,0.0,0.0,0.0
ADIN,26.4.2021,750.0,750.0,750.0,750.0,0.0,0.0,0.0,0.0
ADIN,23.4.2021,750.0,750.0,750.0,750.0,0.0,50.0,37500.0,37500.0
ADIN,22.4.2021,750.0,750.0,750.0,750.0,0.0,0.0,0.0,0.0
ADIN,21.4.2021,750.0,750.0,750.0,750.0,0.0,0.0,0.0,0.0
ADIN,20.4.2021,750.0,750.0,750.0,750.0,0.0,0.0,0.0,0.0
ADIN,19.4.2021,750.0,750.0,750.0,750.0,0.0,0.0,0.0,0.0
ADIN,16.4.2021,750.0,750.0,750.0,750.0,0.0,0.0,0.0,0.0
ADIN,15.4.2021,750.0,750.0,750.0,750.0,0.0,0.0,0.0,0.0
ADIN,14.4.2021,750.0,750.0,750.0,750.0,0.0,0.0,0.0,0.0
ADIN,13.4.2021,750.0,750.0,750.0,750.0,0.0,0.0,0.0,0.0
ADIN,12.4.2021,750.0,750.0,750.0,750.0,0.0,0.0,0.0,0.0
ADIN,09.4.2021,750.0,750.0,750.0,750.0,0.0,0.0,0.0,0.0
ADIN,08.4.2021,750.0,750.0,750.0,750.0,0.0,0.0,0.0,0.0
ADIN,07.4.2021,750.0,750.0,750.0,750.0,0.0,0.0,0.0,0.0
ADIN,06.4.2021,750.0,750.0,750.0,750.0,0.0,0.0,0.0,0.0
ADIN,05.4.2021,750.0,750.0,750.0,750.0,0.0,0.0,0.0,0.0
ADIN,02.4.2021,750.0,750.0,750.0,750.0,0.0,0.0,0.0,0.0
ADIN,01.4.2021,750.0,750.0,750.0,750.0,0.0,0.0,0.0,0.0
ADIN,31.3.2021,750.0,750.0,750.0,750.0,0.0,0.0,0.0,0.0
ADIN,30.3.2021,750.0,750.0,750.0,750.0,0.0,0.0,0.0,0.0
ADIN,29.3.2021,750.0,750.0,750.0,750.0,0.0,0.0,0.0,0.0
ADIN,26.3.2021,750.0,750.0,750.0,750.0,0.0,0.0,0.0,0.0
ADIN,25.3.2021,750.0,750.0,750.0,750.0,0.0,450.0,337500.0,337500.0
ADIN,24.3.2021,750.0,750.0,750.0,750.0,0.0,0.0,0.0,0.0
ADIN,23.3.2021,750.0,750.0,750.0,750.0,0.0,0.0,0.0,0.0
ADIN,22.3.2021,750.0,750.0,750.0,750.0,0.0,0.0,0.0,0.0
ADIN,19.3.2021,750.0,750.0,750.0,750.0,0.0,0.0,0.0,0.0
ADIN,18.3.2021,750.0,750.0,750.0,750.0,0.0,0.0,0.0,0.0
ADIN,17.3.2021,750.0,750.0,750.0,750.0,0.0,0.0,0.0,0.0
ADIN,16.3.2021,750.0,750.0,750.0,750.0,0.0,0.0,0.0,0.0
ADIN,15.3.2021,750.0,750.0,750.0,750.0,0.0,0.0,0.0,0.0
ADIN,12.3.2021,750.0,750.0,750.0,750.0,0.0,50.0,37500.0,37500.0
ADIN,11.3.2021,750.0,750.0,750.0,750.0,0.0,0.0,0.0,0.0
ADIN,10.3.2021,750.0,750.0,750.0,750.0,0.0,0.0,0.0,0.0
ADIN,09.3.2021,750.0,750.0,750.0,750.0,0.0,0.0,0.0,0.0
ADIN,08.3.2021,750.0,750.0,750.0,750.0,0.0,0.0,0.0,0.0
ADIN,05.3.2021,750.0,750.0,750.0,750.0,0.0,0.0,0.0,0.0
ADIN,04.3.2021,750.0,750.0,750.0,750.0,0.0,0.0,0.0,0.0
ADIN,03.3.2021,750.0,750.0,750.0,750.0,0.0,0.0,0.0,0.0
ADIN,02.3.2021,750.0,750.0,750.0,750.0,0.0,0.0,0.0,0.0
ADIN,01.3.2021,750.0,750.0,750.0,750.0,2.6,170.0,127500.0,127500.0
ADIN,26.2.2021,731.0,731.0,731.0,731.0,0.0,0.0,0.0,0.0
ADIN,25.2.2021,731.0,731.0,731.0,731.0,0.0,0.0,0.0,0.0
ADIN,24.2.2021,731.0,731.0,731.0,731.0,0.0,0.0,0.0,0.0
ADIN,23.2.2021,731.0,731.0,731.0,731.0,4.28,168.0,122808.0,122808.0
ADIN,22.2.2021,701.0,701.0,701.0,701.0,0.0,0.0,0.0,0.0
ADIN,19.2.2021,701.0,701.0,701.0,701.0,0.0,0.0,0.0,0.0
ADIN,18.2.2021,701.0,701.0,701.0,701.0,0.0,0.0,0.0,0.0
ADIN,17.2.2021,701.0,701.0,701.0,701.0,0.0,0.0,0.0,0.0
ADIN,16.2.2021,701.0,701.0,701.0,701.0,1.59,50.0,35050.0,35050.0
ADIN,15.2.2021,690.0,690.0,690.0,690.0,0.0,0.0,0.0,0.0
ADIN,12.2.2021,690.0,690.0,690.0,690.0,0.0,0.0,0.0,0.0
ADIN,11.2.2021,690.0,690.0,690.0,690.0,0.0,0.0,0.0,0.0
ADIN,10.2.2021,690.0,690.0,690.0,690.0,0.0,0.0,0.0,0.0
ADIN,09.2.2021,690.0,690.0,690.0,690.0,0.0,0.0,0.0,0.0
ADIN,08.2.2021,690.0,690.0,690.0,690.0,0.0,0.0,0.0,0.0
ADIN,05.2.2021,690.0,690.0,690.0,690.0,0.0,0.0,0.0,0.0
ADIN,04.2.2021,690.0,690.0,690.0,690.0,0.0,0.0,0.0,0.0
ADIN,03.2.2021,690.0,690.0,690.0,690.0,0.0,0.0,0.0,0.0
ADIN,02.2.2021,690.0,690.0,690.0,690.0,0.0,0.0,0.0,0.0
ADIN,01.2.2021,690.0,690.0,690.0,690.0,0.0,0.0,0.0,0.0
ADIN,29.1.2021,690.0,690.0,690.0,690.0,0.0,0.0,0.0,0.0
ADIN,28.1.2021,690.0,690.0,690.0,690.0,0.0,0.0,0.0,0.0
ADIN,27.1.2021,690.0,690.0,690.0,690.0,0.0,0.0,0.0,0.0
ADIN,26.1.2021,690.0,690.0,690.0,690.0,0.0,0.0,0.0,0.0
ADIN,25.1.2021,690.0,690.0,690.0,690.0,0.0,0.0,0.0,0.0
ADIN,22.1.2021,690.0,690.0,690.0,690.0,0.0,0.0,0.0,0.0
ADIN,21.1.2021,690.0,690.0,690.0,690.0,0.0,129.0,89010.0,89010.0
ADIN,20.1.2021,690.0,690.0,690.0,690.0,0.0,129.0,89010.0,89010.0
ADIN,18.1.2021,690.0,690.0,690.0,690.0,1.62,40.0,27600.0,27600.0
ADIN,15.1.2021,679.0,679.0,679.0,679.0,0.0,0.0,0.0,0.0
ADIN,14.1.2021,679.0,679.0,679.0,679.0,0.0,0.0,0.0,0.0
ADIN,13.1.2021,679.0,679.0,679.0,679.0,0.0,0.0,0.0,0.0
ADIN,12.1.2021,679.0,679.0,679.0,679.0,0.0,0.0,0.0,0.0
ADIN,11.1.2021,679.0,679.0,679.0,679.0,0.0,0.0,0.0,0.0
ADIN,08.1.2021,679.0,679.0,679.0,679.0,0.0,0.0,0.0,0.0
ADIN,05.1.2021,679.0,679.0,679.0,679.0,0.0,22.0,14938.0,14938.0
ADIN,04.1.2021,679.0,679.0,679.0,679.0,0.0,0.0,0.0,0.0
ADIN,30.12.2020,679.0,679.0,679.0,679.0,0.0,0.0,0.0,0.0
ADIN,29.12.2020,679.0,679.0,679.0,679.0,0.0,0.0,0.0,0.0
ADIN,28.12.2020,679.0,679.0,679.0,679.0,0.0,0.0,0.0,0.0
ADIN,25.12.2020,679.0,679.0,679.0,679.0,0.0,0.0,0.0,0.0
ADIN,24.12.2020,679.0,679.0,679.0,679.0,0.0,0.0,0.0,0.0
ADIN,23.12.2020,679.0,679.0,679.0,679.0,0.0,0.0,0.0,0.0
ADIN,22.12.2020,679.0,679.0,679.0,679.0,0.0,0.0,0.0,0.0
ADIN,21.12.2020,679.0,679.0,679.0,679.0,0.0,0.0,0.0,0.0
ADIN,18.12.2020,679.0,679.0,679.0,679.0,0.0,0.0,0.0,0.0
ADIN,17.12.2020,679.0,679.0,679.0,679.0,0.0,0.0,0.0,0.0
ADIN,16.12.2020,679.0,679.0,679.0,679.0,0.0,0.0,0.0,0.0
ADIN,15.12.2020,679.0,679.0,679.0,679.0,0.0,0.0,0.0,0.0
ADIN,14.12.2020,679.0,679.0,679.0,679.0,-3.0,25.0,16975.0,16975.0
ADIN,11.12.2020,700.0,700.0,700.0,700.0,0.0,0.0,0.0,0.0
ADIN,10.12.2020,700.0,700.0,700.0,700.0,0.0,0.0,0.0,0.0
ADIN,09.12.2020,700.0,700.0,700.0,700.0,0.0,0.0,0.0,0.0
ADIN,07.12.2020,700.0,700.0,700.0,700.0,0.0,0.0,0.0,0.0
ADIN,04.12.2020,700.0,700.0,700.0,700.0,0.0,0.0,0.0,0.0
ADIN,03.12.2020,700.0,700.0,700.0,700.0,0.0,0.0,0.0,0.0
ADIN,02.12.2020,700.0,700.0,700.0,700.0,0.0,0.0,0.0,0.0
ADIN,01.12.2020,700.0,700.0,700.0,700.0,0.0,0.0,0.0,0.0
ADIN,30.11.2020,700.0,700.0,700.0,700.0,0.0,0.0,0.0,0.0
ADIN,27.11.2020,700.0,700.0,700.0,700.0,0.0,0.0,0.0,0.0
ADIN,26.11.2020,700.0,700.0,700.0,700.0,0.0,70.0,49000.0,49000.0
ADIN,25.11.2020,700.0,700.0,700.0,700.0,0.0,0.0,0.0,0.0
ADIN,24.11.2020,700.0,700.0,700.0,700.0,0.14,360.0,252000.0,252000.0
ADIN,23.11.2020,699.0,699.0,699.0,699.0,-0.14,200.0,139800.0,139800.0
ADIN,20.11.2020,700.0,700.0,700.0,700.0,0.0,0.0,0.0,0.0
ADIN,19.11.2020,700.0,700.0,700.0,700.0,0.0,0.0,0.0,0.0
ADIN,18.11.2020,700.0,700.0,700.0,700.0,0.0,340.0,238000.0,238000.0
ADIN,17.11.2020,700.0,700.0,700.0,700.0,0.0,0.0,0.0,0.0
ADIN,16.11.2020,700.0,700.0,700.0,700.0,0.0,300.0,210000.0,210000.0
ADIN,13.11.2020,700.0,700.0,700.0,700.0,5.11,185.0,129500.0,129500.0
ADIN,12.11.2020,666.0,666.0,666.0,666.0,7.77,15.0,9990.0,9990.0
ADIN,11.11.2020,618.0,618.0,618.0,618.0,0.0,0.0,0.0,0.0
ADIN,10.11.2020,618.0,618.0,618.0,618.0,0.0,0.0,0.0,0.0
ADIN,09.11.2020,618.0,618.0,618.0,618.0,0.0,0.0,0.0,0.0
ADIN,06.11.2020,618.0,618.0,618.0,618.0,0.0,0.0,0.0,0.0
ADIN,05.11.2020,618.0,618.0,618.0,618.0,0.0,0.0,0.0,0.0
ADIN,04.11.2020,618.0,618.0,618.0,618.0,0.0,0.0,0.0,0.0
ADIN,03.11.2020,618.0,618.0,618.0,618.0,0.0,0.0,0.0,0.0
ADIN,02.11.2020,618.0,618.0,618.0,618.0,0.0,0.0,0.0,0.0
ADIN,30.10.2020,618.0,618.0,618.0,618.0,0.0,0.0,0.0,0.0
ADIN,29.10.2020,618.0,618.0,618.0,618.0,0.0,0.0,0.0,0.0
ADIN,28.10.2020,618.0,618.0,618.0,618.0,0.0,0.0,0.0,0.0
ADIN,27.10.2020,618.0,618.0,618.0,618.0,0.0,0.0,0.0,0.0
ADIN,26.10.2020,618.0,618.0,618.0,618.0,0.0,0.0,0.0,0.0
ADIN,22.10.2020,618.0,618.0,618.0,618.0,0.0,0.0,0.0,0.0
ADIN,21.10.2020,618.0,618.0,618.0,618.0,0.0,0.0,0.0,0.0
ADIN,20.10.2020,618.0,618.0,618.0,618.0,0.0,0.0,0.0,0.0
ADIN,19.10.2020,618.0,618.0,618.0,618.0,0.0,0.0,0.0,0.0
ADIN,16.10.2020,618.0,618.0,618.0,618.0,0.0,0.0,0.0,0.0
ADIN,15.10.2020,618.0,618.0,618.0,618.0,0.0,0.0,0.0,0.0
ADIN,14.10.2020,618.0,618.0,618.0,618.0,0.0,0.0,0.0,0.0
ADIN,13.10.2020,618.0,618.0,618.0,618.0,0.0,0.0,0.0,0.0
ADIN,09.10.2020,618.0,618.0,618.0,618.0,0.0,0.0,0.0,0.0
ADIN,08.10.2020,618.0,618.0,618.0,618.0,0.0,0.0,0.0,0.0
ADIN,07.10.2020,618.0,618.0,618.0,618.0,0.0,0.0,0.0,0.0
ADIN,06.10.2020,618.0,618.0,618.0,618.0,0.0,0.0,0.0,0.0
ADIN,05.10.2020,618.0,618.0,618.0,618.0,0.0,0.0,0.0,0.0
ADIN,02.10.2020,618.0,618.0,618.0,618.0,0.0,0.0,0.0,0.0
ADIN,01.10.2020,618.0,618.0,618.0,618.0,0.0,0.0,0.0,0.0
ADIN,30.9.2020,618.0,618.0,618.0,618.0,0.0,0.0,0.0,0.0
ADIN,29.9.2020,618.0,618.0,618.0,618.0,0.0,0.0,0.0,0.0
ADIN,28.9.2020,618.0,618.0,618.0,618.0,0.0,0.0,0.0,0.0
ADIN,25.9.2020,618.0,618.0,618.0,618.0,0.0,0.0,0.0,0.0
ADIN,24.9.2020,618.0,618.0,618.0,618.0,0.0,0.0,0.0,0.0
ADIN,23.9.2020,618.0,618.0,618.0,618.0,0.0,0.0,0.0,0.0
ADIN,22.9.2020,618.0,618.0,618.0,618.0,0.0,0.0,0.0,0.0
ADIN,21.9.2020,618.0,618.0,618.0,618.0,0.0,0.0,0.0,0.0
ADIN,18.9.2020,618.0,618.0,618.0,618.0,0.0,0.0,0.0,0.0
ADIN,17.9.2020,618.0,618.0,618.0,618.0,0.0,0.0,0.0,0.0
ADIN,16.9.2020,618.0,618.0,618.0,618.0,0.0,0.0,0.0,0.0
ADIN,15.9.2020,618.0,618.0,618.0,618.0,0.0,0.0,0.0,0.0
ADIN,14.9.2020,618.0,618.0,618.0,618.0,0.0,0.0,0.0,0.0
ADIN,11.9.2020,618.0,618.0,618.0,618.0,0.0,0.0,0.0,0.0
ADIN,10.9.2020,618.0,618.0,618.0,618.0,0.0,0.0,0.0,0.0
ADIN,09.9.2020,618.0,618.0,618.0,618.0,0.0,0.0,0.0,0.0
ADIN,07.9.2020,618.0,618.0,618.0,618.0,0.0,0.0,0.0,0.0
ADIN,04.9.2020,618.0,618.0,618.0,618.0,0.0,0.0,0.0,0.0
ADIN,03.9.2020,618.0,618.0,618.0,618.0,0.0,0.0,0.0,0.0
ADIN,02.9.2020,618.0,618.0,618.0,618.0,0.0,0.0,0.0,0.0
ADIN,01.9.2020,618.0,618.0,618.0,618.0,0.0,0.0,0.0,0.0
ADIN,31.8.2020,618.0,618.0,618.0,618.0,0.0,0.0,0.0,0.0
ADIN,27.8.2020,618.0,618.0,618.0,618.0,0.0,0.0,0.0,0.0
ADIN,26.8.2020,618.0,618.0,618.0,618.0,0.0,0.0,0.0,0.0
ADIN,25.8.2020,618.0,618.0,618.0,618.0,0.0,0.0,0.0,0.0
ADIN,24.8.2020,618.0,618.0,618.0,618.0,0.0,0.0,0.0,0.0
ADIN,21.8.2020,618.0,618.0,618.0,618.0,0.0,0.0,0.0,0.0
ADIN,20.8.2020,618.0,618.0,618.0,618.0,0.0,0.0,0.0,0.0
ADIN,19.8.2020,618.0,618.0,618.0,618.0,0.0,0.0,0.0,0.0
ADIN,18.8.2020,618.0,618.0,618.0,618.0,0.0,0.0,0.0,0.0
ADIN,17.8.2020,618.0,618.0,618.0,618.0,0.0,0.0,0.0,0.0
ADIN,14.8.2020,618.0,618.0,618.0,618.0,0.0,0.0,0.0,0.0
ADIN,13.8.2020,618.0,618.0,618.0,618.0,0.0,0.0,0.0,0.0
ADIN,12.8.2020,618.0,618.0,618.0,618.0,0.0,0.0,0.0,0.0
ADIN,11.8.2020,618.0,618.0,618.0,618.0,0.0,0.0,0.0,0.0
ADIN,10.8.2020,618.0,618.0,618.0,618.0,0.0,0.0,0.0,0.0
ADIN,07.8.2020,618.0,618.0,618.0,618.0,0.0,0.0,0.0,0.0
ADIN,06.8.2020,618.0,618.0,618.0,618.0,0.0,0.0,0.0,0.0
ADIN,05.8.2020,618.0,618.0,618.0,618.0,0.0,2.4,1483200.0,1483200.0
ADIN,04.8.2020,618.0,618.0,618.0,618.0,0.0,0.0,0.0,0.0
ADIN,31.7.2020,618.0,618.0,618.0,618.0,0.0,0.0,0.0,0.0
ADIN,30.7.2020,618.0,618.0,618.0,618.0,0.0,200.0,123600.0,123600.0
ADIN,29.7.2020,618.0,618.0,618.0,618.0,0.0,0.0,0.0,0.0
ADIN,28.7.2020,618.0,618.0,618.0,618.0,0.0,0.0,0.0,0.0
ADIN,27.7.2020,618.0,618.0,618.0,618.0,0.0,0.0,0.0,0.0
ADIN,24.7.2020,618.0,618.0,618.0,618.0,0.0,0.0,0.0,0.0
ADIN,23.7.2020,618.0,618.0,618.0,618.0,0.0,0.0,0.0,0.0
ADIN,22.7.2020,618.0,618.0,618.0,618.0,0.0,0.0,0.0,0.0
ADIN,21.7.2020,618.0,618.0,618.0,618.0,0.0,0.0,0.0,0.0
ADIN,20.7.2020,618.0,618.0,618.0,618.0,0.0,0.0,0.0,0.0
ADIN,17.7.2020,618.0,618.0,618.0,618.0,0.0,0.0,0.0,0.0
ADIN,16.7.2020,618.0,618.0,618.0,618.0,0.0,0.0,0.0,0.0
ADIN,14.7.2020,618.0,618.0,618.0,618.0,0.0,0.0,0.0,0.0
ADIN,13.7.2020,618.0,618.0,618.0,618.0,0.0,0.0,0.0,0.0
ADIN,10.7.2020,618.0,618.0,618.0,618.0,0.0,0.0,0.0,0.0
ADIN,09.7.2020,618.0,618.0,618.0,618.0,0.0,0.0,0.0,0.0
ADIN,08.7.2020,618.0,618.0,618.0,618.0,0.0,0.0,0.0,0.0
ADIN,07.7.2020,618.0,618.0,618.0,618.0,0.0,0.0,0.0,0.0
ADIN,06.7.2020,618.0,618.0,618.0,618.0,0.0,100.0,61800.0,61800.0
ADIN,03.7.2020,618.0,618.0,618.0,618.0,0.0,0.0,0.0,0.0
ADIN,02.7.2020,618.0,618.0,618.0,618.0,0.0,150.0,92700.0,92700.0
ADIN,01.7.2020,618.0,618.0,618.0,618.0,0.0,0.0,0.0,0.0
ADIN,30.6.2020,618.0,618.0,618.0,618.0,3.0,1.0,618000.0,618000.0
ADIN,29.6.2020,600.0,600.0,600.0,600.0,-9.09,300.0,180000.0,180000.0
ADIN,26.6.2020,660.0,660.0,660.0,660.0,0.0,0.0,0.0,0.0
ADIN,25.6.2020,660.0,660.0,660.0,660.0,0.0,0.0,0.0,0.0
ADIN,24.6.2020,660.0,660.0,660.0,660.0,0.0,0.0,0.0,0.0
ADIN,23.6.2020,660.0,660.0,660.0,660.0,0.0,0.0,0.0,0.0
ADIN,22.6.2020,660.0,660.0,660.0,660.0,0.0,0.0,0.0,0.0
ADIN,19.6.2020,660.0,660.0,660.0,660.0,0.0,0.0,0.0,0.0
ADIN,18.6.2020,660.0,660.0,660.0,660.0,0.0,0.0,0.0,0.0
ADIN,17.6.2020,660.0,660.0,660.0,660.0,0.0,0.0,0.0,0.0
ADIN,16.6.2020,660.0,660.0,660.0,660.0,0.0,0.0,0.0,0.0
ADIN,15.6.2020,660.0,660.0,660.0,660.0,0.0,0.0,0.0,0.0
ADIN,12.6.2020,660.0,660.0,660.0,660.0,0.0,0.0,0.0,0.0
ADIN,11.6.2020,660.0,660.0,660.0,660.0,0.0,0.0,0.0,0.0
ADIN,10.6.2020,660.0,660.0,660.0,660.0,0.0,0.0,0.0,0.0
ADIN,09.6.2020,660.0,660.0,660.0,660.0,0.0,0.0,0.0,0.0
ADIN,08.6.2020,660.0,660.0,660.0,660.0,0.0,0.0,0.0,0.0
ADIN,04.6.2020,660.0,660.0,660.0,660.0,0.0,0.0,0.0,0.0
ADIN,03.6.2020,660.0,660.0,660.0,660.0,0.0,0.0,0.0,0.0
ADIN,02.6.2020,660.0,660.0,660.0,660.0,0.0,0.0,0.0,0.0
ADIN,01.6.2020,660.0,660.0,660.0,660.0,0.0,0.0,0.0,0.0
ADIN,29.5.2020,660.0,660.0,660.0,660.0,0.0,0.0,0.0,0.0
ADIN,28.5.2020,660.0,660.0,660.0,660.0,0.0,0.0,0.0,0.0
ADIN,27.5.2020,660.0,660.0,660.0,660.0,0.0,0.0,0.0,0.0
ADIN,26.5.2020,660.0,660.0,660.0,660.0,0.0,0.0,0.0,0.0
ADIN,22.5.2020,660.0,660.0,660.0,660.0,0.0,0.0,0.0,0.0
ADIN,21.5.2020,660.0,660.0,660.0,660.0,0.0,0.0,0.0,0.0
ADIN,20.5.2020,660.0,660.0,660.0,660.0,0.0,0.0,0.0,0.0
ADIN,19.5.2020,660.0,660.0,660.0,660.0,0.0,0.0,0.0,0.0
ADIN,18.5.2020,660.0,660.0,660.0,660.0,0.0,0.0,0.0,0.0
ADIN,15.5.2020,660.0,660.0,660.0,660.0,0.0,0.0,0.0,0.0
ADIN,14.5.2020,660.0,660.0,660.0,660.0,0.0,0.0,0.0,0.0
ADIN,13.5.2020,660.0,660.0,660.0,660.0,0.0,0.0,0.0,0.0
ADIN,12.5.2020,660.0,660.0,660.0,660.0,0.0,0.0,0.0,0.0
ADIN,11.5.2020,660.0,660.0,660.0,660.0,0.0,0.0,0.0,0.0
ADIN,08.5.2020,660.0,660.0,660.0,660.0,0.0,0.0,0.0,0.0
ADIN,07.5.2020,660.0,660.0,660.0,660.0,0.0,0.0,0.0,0.0
ADIN,06.5.2020,660.0,660.0,660.0,660.0,0.0,0.0,0.0,0.0
ADIN,05.5.2020,660.0,660.0,660.0,660.0,0.0,0.0,0.0,0.0
ADIN,04.5.2020,660.0,660.0,660.0,660.0,0.0,0.0,0.0,0.0
ADIN,30.4.2020,660.0,660.0,660.0,660.0,0.0,0.0,0.0,0.0
ADIN,29.4.2020,660.0,660.0,660.0,660.0,0.0,0.0,0.0,0.0
ADIN,28.4.2020,660.0,660.0,660.0,660.0,0.0,0.0,0.0,0.0
ADIN,27.4.2020,660.0,660.0,660.0,660.0,0.0,0.0,0.0,0.0
ADIN,24.4.2020,660.0,660.0,660.0,660.0,0.0,0.0,0.0,0.0
ADIN,23.4.2020,660.0,660.0,660.0,660.0,0.0,0.0,0.0,0.0
ADIN,22.4.2020,660.0,660.0,660.0,660.0,0.0,0.0,0.0,0.0
ADIN,21.4.2020,660.0,660.0,660.0,660.0,0.0,0.0,0.0,0.0
ADIN,16.4.2020,660.0,660.0,660.0,660.0,0.0,0.0,0.0,0.0
ADIN,15.4.2020,660.0,660.0,660.0,660.0,0.0,0.0,0.0,0.0
ADIN,14.4.2020,660.0,660.0,660.0,660.0,0.0,0.0,0.0,0.0
ADIN,13.4.2020,660.0,660.0,660.0,660.0,0.0,0.0,0.0,0.0
ADIN,10.4.2020,660.0,660.0,660.0,660.0,0.0,0.0,0.0,0.0
ADIN,09.4.2020,660.0,660.0,660.0,660.0,0.0,0.0,0.0,0.0
ADIN,08.4.2020,660.0,660.0,660.0,660.0,0.0,0.0,0.0,0.0
ADIN,07.4.2020,660.0,660.0,660.0,660.0,0.0,0.0,0.0,0.0
ADIN,06.4.2020,660.0,660.0,660.0,660.0,0.0,0.0,0.0,0.0
ADIN,03.4.2020,660.0,660.0,660.0,660.0,0.0,0.0,0.0,0.0
ADIN,02.4.2020,660.0,660.0,660.0,660.0,0.0,0.0,0.0,0.0
ADIN,01.4.2020,660.0,660.0,660.0,660.0,0.0,0.0,0.0,0.0
ADIN,31.3.2020,660.0,660.0,660.0,660.0,0.0,0.0,0.0,0.0
ADIN,30.3.2020,660.0,660.0,660.0,660.0,0.0,0.0,0.0,0.0
ADIN,27.3.2020,660.0,660.0,660.0,660.0,0.0,0.0,0.0,0.0
ADIN,26.3.2020,660.0,660.0,660.0,660.0,0.0,0.0,0.0,0.0
ADIN,25.3.2020,660.0,660.0,660.0,660.0,0.0,0.0,0.0,0.0
ADIN,24.3.2020,660.0,660.0,660.0,660.0,0.0,0.0,0.0,0.0
ADIN,23.3.2020,660.0,660.0,660.0,660.0,0.0,0.0,0.0,0.0
ADIN,20.3.2020,660.0,660.0,660.0,660.0,0.0,0.0,0.0,0.0
ADIN,19.3.2020,660.0,660.0,660.0,660.0,0.0,0.0,0.0,0.0
ADIN,18.3.2020,660.0,660.0,660.0,660.0,0.0,0.0,0.0,0.0
ADIN,17.3.2020,660.0,660.0,660.0,660.0,0.0,0.0,0.0,0.0
ADIN,16.3.2020,660.0,660.0,660.0,660.0,0.0,0.0,0.0,0.0
ADIN,13.3.2020,660.0,660.0,660.0,660.0,0.0,0.0,0.0,0.0
ADIN,12.3.2020,660.0,660.0,660.0,660.0,0.0,0.0,0.0,0.0
ADIN,11.3.2020,660.0,660.0,660.0,660.0,0.0,0.0,0.0,0.0
ADIN,10.3.2020,660.0,660.0,660.0,660.0,0.0,0.0,0.0,0.0
ADIN,09.3.2020,660.0,660.0,660.0,660.0,0.0,0.0,0.0,0.0
ADIN,06.3.2020,660.0,660.0,660.0,660.0,0.0,0.0,0.0,0.0
ADIN,05.3.2020,660.0,660.0,660.0,660.0,0.0,0.0,0.0,0.0
ADIN,04.3.2020,660.0,660.0,660.0,660.0,0.0,0.0,0.0,0.0
ADIN,03.3.2020,660.0,660.0,660.0,660.0,0.0,0.0,0.0,0.0
ADIN,02.3.2020,660.0,660.0,660.0,660.0,0.0,0.0,0.0,0.0
ADIN,28.2.2020,660.0,660.0,660.0,660.0,0.0,0.0,0.0,0.0
ADIN,27.2.2020,660.0,660.0,660.0,660.0,0.0,0.0,0.0,0.0
ADIN,26.2.2020,660.0,660.0,660.0,660.0,0.0,0.0,0.0,0.0
ADIN,25.2.2020,660.0,660.0,660.0,660.0,0.0,0.0,0.0,0.0
ADIN,24.2.2020,660.0,660.0,660.0,660.0,0.0,0.0,0.0,0.0
ADIN,21.2.2020,660.0,660.0,660.0,660.0,0.0,0.0,0.0,0.0
ADIN,20.2.2020,660.0,660.0,660.0,660.0,0.0,0.0,0.0,0.0
ADIN,19.2.2020,660.0,660.0,660.0,660.0,0.0,0.0,0.0,0.0
ADIN,18.2.2020,660.0,660.0,660.0,660.0,0.0,0.0,0.0,0.0
ADIN,17.2.2020,660.0,660.0,660.0,660.0,0.0,0.0,0.0,0.0
ADIN,14.2.2020,660.0,660.0,660.0,660.0,0.0,0.0,0.0,0.0
ADIN,13.2.2020,660.0,660.0,660.0,660.0,0.0,0.0,0.0,0.0
ADIN,12.2.2020,660.0,660.0,660.0,660.0,0.0,0.0,0.0,0.0
ADIN,11.2.2020,660.0,660.0,660.0,660.0,0.0,0.0,0.0,0.0
ADIN,10.2.2020,660.0,660.0,660.0,660.0,0.0,0.0,0.0,0.0
ADIN,07.2.2020,660.0,660.0,660.0,660.0,0.0,0.0,0.0,0.0
ADIN,06.2.2020,660.0,660.0,660.0,660.0,0.0,0.0,0.0,0.0
ADIN,05.2.2020,660.0,660.0,660.0,660.0,0.0,0.0,0.0,0.0
ADIN,04.2.2020,660.0,660.0,660.0,660.0,0.0,0.0,0.0,0.0
ADIN,03.2.2020,660.0,660.0,660.0,660.0,0.0,0.0,0.0,0.0
ADIN,31.1.2020,660.0,660.0,660.0,660.0,0.0,0.0,0.0,0.0
ADIN,30.1.2020,660.0,660.0,660.0,660.0,0.0,0.0,0.0,0.0
ADIN,29.1.2020,660.0,660.0,660.0,660.0,0.0,0.0,0.0,0.0
ADIN,28.1.2020,660.0,660.0,660.0,660.0,0.0,0.0,0.0,0.0
ADIN,27.1.2020,660.0,660.0,660.0,660.0,0.0,0.0,0.0,0.0
ADIN,24.1.2020,660.0,660.0,660.0,660.0,0.0,0.0,0.0,0.0
ADIN,23.1.2020,660.0,660.0,660.0,660.0,0.0,0.0,0.0,0.0
ADIN,22.1.2020,660.0,660.0,660.0,660.0,0.0,0.0,0.0,0.0
ADIN,21.1.2020,660.0,660.0,660.0,660.0,0.0,0.0,0.0,0.0
ADIN,20.1.2020,660.0,660.0,660.0,660.0,0.0,0.0,0.0,0.0
ADIN,17.1.2020,660.0,660.0,660.0,660.0,0.0,0.0,0.0,0.0
ADIN,16.1.2020,660.0,660.0,660.0,660.0,0.0,0.0,0.0,0.0
ADIN,15.1.2020,660.0,660.0,660.0,660.0,0.0,0.0,0.0,0.0
ADIN,14.1.2020,660.0,660.0,660.0,660.0,0.0,0.0,0.0,0.0
ADIN,13.1.2020,660.0,660.0,660.0,660.0,0.0,0.0,0.0,0.0
ADIN,10.1.2020,660.0,660.0,660.0,660.0,0.0,0.0,0.0,0.0
ADIN,09.1.2020,660.0,660.0,660.0,660.0,0.0,0.0,0.0,0.0
ADIN,08.1.2020,660.0,660.0,660.0,660.0,0.0,0.0,0.0,0.0
ADIN,03.1.2020,660.0,660.0,660.0,660.0,0.0,0.0,0.0,0.0
ADIN,02.1.2020,660.0,660.0,660.0,660.0,0.0,0.0,0.0,0.0
ADIN,30.12.2019,660.0,660.0,660.0,660.0,0.0,0.0,0.0,0.0
ADIN,27.12.2019,660.0,660.0,660.0,660.0,0.0,0.0,0.0,0.0
ADIN,26.12.2019,660.0,660.0,660.0,660.0,0.0,0.0,0.0,0.0
ADIN,25.12.2019,660.0,660.0,660.0,660.0,0.0,0.0,0.0,0.0
ADIN,24.12.2019,660.0,660.0,660.0,660.0,0.0,0.0,0.0,0.0
ADIN,23.12.2019,660.0,660.0,660.0,660.0,0.0,0.0,0.0,0.0
ADIN,20.12.2019,660.0,660.0,660.0,660.0,0.0,0.0,0.0,0.0
ADIN,19.12.2019,660.0,660.0,660.0,660.0,0.0,0.0,0.0,0.0
ADIN,18.12.2019,660.0,660.0,660.0,660.0,0.0,0.0,0.0,0.0
ADIN,17.12.2019,660.0,660.0,660.0,660.0,0.0,0.0,0.0,0.0
ADIN,16.12.2019,660.0,660.0,660.0,660.0,0.0,0.0,0.0,0.0
ADIN,13.12.2019,660.0,660.0,660.0,660.0,0.0,0.0,0.0,0.0
ADIN,12.12.2019,660.0,660.0,660.0,660.0,0.0,0.0,0.0,0.0
ADIN,11.12.2019,660.0,660.0,660.0,660.0,0.0,0.0,0.0,0.0
ADIN,10.12.2019,660.0,660.0,660.0,660.0,0.0,0.0,0.0,0.0
ADIN,06.12.2019,660.0,660.0,660.0,660.0,0.0,0.0,0.0,0.0
ADIN,05.12.2019,660.0,660.0,660.0,660.0,0.0,0.0,0.0,0.0
ADIN,04.12.2019,660.0,660.0,660.0,660.0,0.0,0.0,0.0,0.0
ADIN,03.12.2019,660.0,660.0,660.0,660.0,0.0,0.0,0.0,0.0
ADIN,02.12.2019,660.0,660.0,660.0,660.0,0.0,0.0,0.0,0.0
ADIN,29.11.2019,660.0,660.0,660.0,660.0,0.0,0.0,0.0,0.0
ADIN,28.11.2019,660.0,660.0,660.0,660.0,0.0,0.0,0.0,0.0
ADIN,27.11.2019,660.0,660.0,660.0,660.0,0.0,0.0,0.0,0.0
ADIN,26.11.2019,660.0,660.0,660.0,660.0,0.0,0.0,0.0,0.0
ADIN,25.11.2019,660.0,660.0,660.0,660.0,0.0,0.0,0.0,0.0
ADIN,22.11.2019,660.0,660.0,660.0,660.0,0.0,0.0,0.0,0.0
ADIN,21.11.2019,660.0,660.0,660.0,660.0,0.0,0.0,0.0,0.0
ADIN,20.11.2019,660.0,660.0,660.0,660.0,0.0,0.0,0.0,0.0
ADIN,19.11.2019,660.0,660.0,660.0,660.0,0.0,0.0,0.0,0.0
ADIN,18.11.2019,660.0,660.0,660.0,660.0,0.0,0.0,0.0,0.0
ADIN,15.11.2019,660.0,660.0,660.0,660.0,0.0,0.0,0.0,0.0
ADIN,14.11.2019,660.0,660.0,660.0,660.0,0.0,0.0,0.0,0.0
ADIN,13.11.2019,660.0,660.0,660.0,660.0,0.0,0.0,0.0,0.0
ADIN,12.11.2019,660.0,660.0,660.0,660.0,0.0,0.0,0.0,0.0
ADIN,11.11.2019,660.0,660.0,660.0,660.0,0.0,0.0,0.0,0.0
ADIN,08.11.2019,660.0,660.0,660.0,660.0,0.0,0.0,0.0,0.0
ADIN,07.11.2019,660.0,660.0,660.0,660.0,0.0,0.0,0.0,0.0
ADIN,06.11.2019,660.0,660.0,660.0,660.0,0.0,0.0,0.0,0.0
ADIN,05.11.2019,660.0,660.0,660.0,660.0,0.0,0.0,0.0,0.0
ADIN,04.11.2019,660.0,660.0,660.0,660.0,0.0,0.0,0.0,0.0
ADIN,01.11.2019,660.0,660.0,660.0,660.0,0.0,0.0,0.0,0.0
ADIN,31.10.2019,660.0,660.0,660.0,660.0,0.0,0.0,0.0,0.0
ADIN,30.10.2019,660.0,660.0,660.0,660.0,0.0,0.0,0.0,0.0
ADIN,29.10.2019,660.0,660.0,660.0,660.0,0.0,0.0,0.0,0.0
ADIN,28.10.2019,660.0,660.0,660.0,660.0,0.0,0.0,0.0,0.0
ADIN,25.10.2019,660.0,660.0,660.0,660.0,0.0,0.0,0.0,0.0
ADIN,24.10.2019,660.0,660.0,660.0,660.0,0.0,0.0,0.0,0.0
ADIN,22.10.2019,660.0,660.0,660.0,660.0,0.0,0.0,0.0,0.0
ADIN,21.10.2019,660.0,660.0,660.0,660.0,0.0,0.0,0.0,0.0
ADIN,18.10.2019,660.0,660.0,660.0,660.0,0.0,0.0,0.0,0.0
ADIN,17.10.2019,660.0,660.0,660.0,660.0,0.0,0.0,0.0,0.0
ADIN,16.10.2019,660.0,660.0,660.0,660.0,0.0,0.0,0.0,0.0
ADIN,15.10.2019,660.0,660.0,660.0,660.0,0.0,0.0,0.0,0.0
ADIN,14.10.2019,660.0,660.0,660.0,660.0,0.0,0.0,0.0,0.0
ADIN,10.10.2019,660.0,660.0,660.0,660.0,0.0,0.0,0.0,0.0
ADIN,09.10.2019,660.0,660.0,660.0,660.0,0.0,0.0,0.0,0.0
ADIN,08.10.2019,660.0,660.0,660.0,660.0,0.0,0.0,0.0,0.0
ADIN,07.10.2019,660.0,660.0,660.0,660.0,0.0,0.0,0.0,0.0
ADIN,04.10.2019,660.0,660.0,660.0,660.0,0.0,0.0,0.0,0.0
ADIN,03.10.2019,660.0,660.0,660.0,660.0,0.0,0.0,0.0,0.0
ADIN,02.10.2019,660.0,660.0,660.0,660.0,0.0,0.0,0.0,0.0
ADIN,01.10.2019,660.0,660.0,660.0,660.0,0.0,0.0,0.0,0.0
ADIN,30.9.2019,660.0,660.0,660.0,660.0,0.0,0.0,0.0,0.0
ADIN,27.9.2019,660.0,660.0,660.0,660.0,0.0,0.0,0.0,0.0
ADIN,26.9.2019,660.0,660.0,660.0,660.0,0.0,0.0,0.0,0.0
ADIN,25.9.2019,660.0,660.0,660.0,660.0,0.0,0.0,0.0,0.0
ADIN,24.9.2019,660.0,660.0,660.0,660.0,0.0,0.0,0.0,0.0
ADIN,23.9.2019,660.0,660.0,660.0,660.0,0.0,0.0,0.0,0.0
ADIN,20.9.2019,660.0,660.0,660.0,660.0,0.0,0.0,0.0,0.0
ADIN,19.9.2019,660.0,660.0,660.0,660.0,-2.8,300.0,198000.0,198000.0
ADIN,18.9.2019,679.0,679.0,679.0,679.0,0.0,0.0,0.0,0.0
ADIN,17.9.2019,679.0,679.0,679.0,679.0,0.0,0.0,0.0,0.0
ADIN,16.9.2019,679.0,679.0,679.0,679.0,0.0,0.0,0.0,0.0
ADIN,13.9.2019,679.0,679.0,679.0,679.0,0.0,0.0,0.0,0.0
ADIN,12.9.2019,679.0,679.0,679.0,679.0,0.0,0.0,0.0,0.0
ADIN,11.9.2019,679.0,679.0,679.0,679.0,0.0,0.0,0.0,0.0
ADIN,10.9.2019,679.0,679.0,679.0,679.0,0.0,0.0,0.0,0.0
ADIN,06.9.2019,679.0,679.0,679.0,679.0,0.0,0.0,0.0,0.0
ADIN,05.9.2019,679.0,679.0,679.0,679.0,0.0,0.0,0.0,0.0
ADIN,04.9.2019,679.0,679.0,679.0,679.0,0.0,0.0,0.0,0.0
ADIN,03.9.2019,679.0,679.0,679.0,679.0,2.88,115.0,78085.0,78085.0
ADIN,02.9.2019,660.0,660.0,660.0,660.0,0.0,0.0,0.0,0.0
ADIN,30.8.2019,660.0,660.0,660.0,660.0,0.0,0.0,0.0,0.0
ADIN,29.8.2019,660.0,660.0,660.0,660.0,0.0,0.0,0.0,0.0
ADIN,27.8.2019,660.0,660.0,660.0,660.0,6.45,2.94,1940400.0,1940400.0
ADIN,26.8.2019,620.0,620.0,620.0,620.0,0.0,0.0,0.0,0.0
ADIN,23.8.2019,620.0,620.0,620.0,620.0,0.0,0.0,0.0,0.0
ADIN,22.8.2019,620.0,620.0,620.0,620.0,0.0,0.0,0.0,0.0
ADIN,21.8.2019,620.0,620.0,620.0,620.0,0.0,0.0,0.0,0.0
ADIN,20.8.2019,620.0,620.0,620.0,620.0,0.0,0.0,0.0,0.0
ADIN,19.8.2019,620.0,620.0,620.0,620.0,0.0,0.0,0.0,0.0
ADIN,16.8.2019,620.0,620.0,620.0,620.0,0.0,0.0,0.0,0.0
ADIN,15.8.2019,620.0,620.0,620.0,620.0,0.0,0.0,0.0,0.0
ADIN,14.8.2019,620.0,620.0,620.0,620.0,0.0,100.0,62000.0,62000.0
ADIN,13.8.2019,620.0,620.0,620.0,620.0,0.0,0.0,0.0,0.0
ADIN,12.8.2019,620.0,620.0,620.0,620.0,0.0,0.0,0.0,0.0
ADIN,09.8.2019,620.0,620.0,620.0,620.0,0.0,0.0,0.0,0.0
ADIN,08.8.2019,620.0,620.0,620.0,620.0,-8.69,1.504,932480.0,932480.0
ADIN,07.8.2019,679.0,679.0,679.0,679.0,0.0,0.0,0.0,0.0
ADIN,06.8.2019,679.0,679.0,679.0,679.0,0.0,0.0,0.0,0.0
ADIN,05.8.2019,679.0,679.0,679.0,679.0,0.0,0.0,0.0,0.0
ADIN,01.8.2019,679.0,679.0,679.0,679.0,0.0,0.0,0.0,0.0
ADIN,31.7.2019,679.0,679.0,679.0,679.0,0.0,0.0,0.0,0.0
ADIN,30.7.2019,679.0,679.0,679.0,679.0,0.0,0.0,0.0,0.0
ADIN,29.7.2019,679.0,679.0,679.0,679.0,0.0,0.0,0.0,0.0
ADIN,26.7.2019,679.0,679.0,679.0,679.0,0.0,0.0,0.0,0.0
ADIN,25.7.2019,679.0,679.0,679.0,679.0,0.0,0.0,0.0,0.0
ADIN,24.7.2019,679.0,679.0,679.0,679.0,0.0,0.0,0.0,0.0
ADIN,23.7.2019,679.0,679.0,679.0,679.0,0.0,0.0,0.0,0.0
ADIN,22.7.2019,679.0,679.0,679.0,679.0,0.0,0.0,0.0,0.0
ADIN,19.7.2019,679.0,679.0,679.0,679.0,0.0,0.0,0.0,0.0
ADIN,18.7.2019,679.0,679.0,679.0,679.0,0.0,0.0,0.0,0.0
ADIN,17.7.2019,679.0,679.0,679.0,679.0,0.0,0.0,0.0,0.0
ADIN,16.7.2019,679.0,679.0,679.0,679.0,0.0,0.0,0.0,0.0
ADIN,15.7.2019,679.0,679.0,679.0,679.0,0.0,0.0,0.0,0.0
ADIN,12.7.2019,679.0,679.0,679.0,679.0,0.0,0.0,0.0,0.0
ADIN,11.7.2019,679.0,679.0,679.0,679.0,0.0,0.0,0.0,0.0
ADIN,10.7.2019,679.0,679.0,679.0,679.0,0.0,0.0,0.0,0.0
ADIN,09.7.2019,679.0,679.0,679.0,679.0,0.0,0.0,0.0,0.0
ADIN,08.7.2019,679.0,679.0,679.0,679.0,0.0,0.0,0.0,0.0
ADIN,05.7.2019,679.0,679.0,679.0,679.0,0.0,0.0,0.0,0.0
ADIN,04.7.2019,679.0,679.0,679.0,679.0,0.0,0.0,0.0,0.0
ADIN,03.7.2019,679.0,679.0,679.0,679.0,0.0,0.0,0.0,0.0
ADIN,02.7.2019,679.0,679.0,679.0,679.0,0.0,0.0,0.0,0.0
ADIN,01.7.2019,679.0,679.0,679.0,679.0,0.0,0.0,0.0,0.0
ADIN,28.6.2019,679.0,679.0,679.0,679.0,0.0,0.0,0.0,0.0
ADIN,27.6.2019,679.0,679.0,679.0,679.0,0.0,0.0,0.0,0.0
ADIN,26.6.2019,679.0,679.0,679.0,679.0,0.0,0.0,0.0,0.0
ADIN,25.6.2019,679.0,679.0,679.0,679.0,0.0,0.0,0.0,0.0
ADIN,24.6.2019,679.0,679.0,679.0,679.0,0.0,0.0,0.0,0.0
ADIN,21.6.2019,679.0,679.0,679.0,679.0,-3.0,400.0,271600.0,271600.0
ADIN,20.6.2019,700.0,700.0,700.0,700.0,0.0,0.0,0.0,0.0
ADIN,19.6.2019,700.0,700.0,700.0,700.0,0.0,0.0,0.0,0.0
ADIN,18.6.2019,700.0,700.0,700.0,700.0,0.0,0.0,0.0,0.0
ADIN,17.6.2019,700.0,700.0,700.0,700.0,0.0,0.0,0.0,0.0
ADIN,13.6.2019,700.0,700.0,700.0,700.0,0.0,0.0,0.0,0.0
ADIN,12.6.2019,700.0,700.0,700.0,700.0,0.0,0.0,0.0,0.0
ADIN,11.6.2019,700.0,700.0,700.0,700.0,0.0,0.0,0.0,0.0
ADIN,10.6.2019,700.0,700.0,700.0,700.0,0.0,0.0,0.0,0.0
ADIN,07.6.2019,700.0,700.0,700.0,700.0,0.0,0.0,0.0,0.0
ADIN,06.6.2019,700.0,700.0,700.0,700.0,0.0,0.0,0.0,0.0
ADIN,05.6.2019,700.0,700.0,700.0,700.0,0.0,0.0,0.0,0.0
ADIN,03.6.2019,700.0,700.0,700.0,700.0,0.0,0.0,0.0,0.0
ADIN,31.5.2019,700.0,700.0,700.0,700.0,0.0,0.0,0.0,0.0
ADIN,30.5.2019,700.0,700.0,700.0,700.0,0.0,0.0,0.0,0.0
ADIN,29.5.2019,700.0,700.0,700.0,700.0,8.02,885.0,619500.0,619500.0
ADIN,28.5.2019,648.0,648.0,648.0,648.0,0.0,0.0,0.0,0.0
ADIN,27.5.2019,648.0,648.0,648.0,648.0,0.0,0.0,0.0,0.0
ADIN,23.5.2019,648.0,648.0,648.0,648.0,0.0,0.0,0.0,0.0
ADIN,22.5.2019,648.0,648.0,648.0,648.0,0.0,0.0,0.0,0.0
ADIN,21.5.2019,648.0,648.0,648.0,648.0,0.0,0.0,0.0,0.0
ADIN,20.5.2019,648.0,648.0,648.0,648.0,0.0,0.0,0.0,0.0
ADIN,17.5.2019,648.0,648.0,648.0,648.0,0.0,0.0,0.0,0.0
ADIN,16.5.2019,648.0,648.0,648.0,648.0,0.0,0.0,0.0,0.0
ADIN,15.5.2019,648.0,648.0,648.0,648.0,0.0,0.0,0.0,0.0
ADIN,14.5.2019,648.0,648.0,648.0,648.0,0.0,0.0,0.0,0.0
ADIN,13.5.2019,648.0,648.0,648.0,648.0,0.0,0.0,0.0,0.0
ADIN,10.5.2019,648.0,648.0,648.0,648.0,0.0,0.0,0.0,0.0
ADIN,09.5.2019,648.0,648.0,648.0,648.0,0.0,0.0,0.0,0.0
ADIN,08.5.2019,648.0,648.0,648.0,648.0,0.0,0.0,0.0,0.0
ADIN,07.5.2019,648.0,648.0,648.0,648.0,0.0,0.0,0.0,0.0
ADIN,06.5.2019,648.0,648.0,648.0,648.0,0.0,0.0,0.0,0.0
ADIN,03.5.2019,648.0,648.0,648.0,648.0,0.0,0.0,0.0,0.0
ADIN,02.5.2019,648.0,648.0,648.0,648.0,0.0,0.0,0.0,0.0
ADIN,30.4.2019,648.0,648.0,648.0,648.0,0.0,0.0,0.0,0.0
ADIN,25.4.2019,648.0,648.0,648.0,648.0,0.0,0.0,0.0,0.0
ADIN,24.4.2019,648.0,648.0,648.0,648.0,0.0,0.0,0.0,0.0
ADIN,23.4.2019,648.0,648.0,648.0,648.0,0.0,0.0,0.0,0.0
ADIN,22.4.2019,648.0,648.0,648.0,648.0,0.0,0.0,0.0,0.0
ADIN,19.4.2019,648.0,648.0,648.0,648.0,0.0,20.0,12960.0,12960.0
ADIN,18.4.2019,648.0,648.0,648.0,648.0,0.0,0.0,0.0,0.0
ADIN,17.4.2019,648.0,648.0,648.0,648.0,-6.22,150.0,97200.0,97200.0
ADIN,16.4.2019,691.0,691.0,691.0,691.0,0.0,0.0,0.0,0.0
ADIN,15.4.2019,691.0,691.0,691.0,691.0,0.0,0.0,0.0,0.0
ADIN,12.4.2019,691.0,691.0,691.0,691.0,0.0,0.0,0.0,0.0
ADIN,11.4.2019,691.0,691.0,691.0,691.0,0.0,0.0,0.0,0.0
ADIN,10.4.2019,691.0,691.0,691.0,691.0,0.0,0.0,0.0,0.0
ADIN,09.4.2019,691.0,691.0,691.0,691.0,0.0,0.0,0.0,0.0
ADIN,08.4.2019,691.0,691.0,691.0,691.0,0.0,0.0,0.0,0.0
ADIN,05.4.2019,691.0,691.0,691.0,691.0,0.0,0.0,0.0,0.0
ADIN,04.4.2019,691.0,691.0,691.0,691.0,0.0,0.0,0.0,0.0
ADIN,03.4.2019,691.0,691.0,691.0,691.0,0.0,0.0,0.0,0.0
ADIN,02.4.2019,691.0,691.0,691.0,691.0,0.0,0.0,0.0,0.0
ADIN,01.4.2019,691.0,691.0,691.0,691.0,0.0,0.0,0.0,0.0
ADIN,29.3.2019,691.0,691.0,691.0,691.0,0.0,0.0,0.0,0.0
ADIN,28.3.2019,691.0,691.0,691.0,691.0,0.0,0.0,0.0,0.0
ADIN,27.3.2019,691.0,691.0,691.0,691.0,0.0,0.0,0.0,0.0
ADIN,26.3.2019,691.0,691.0,691.0,691.0,0.0,0.0,0.0,0.0
ADIN,25.3.2019,691.0,691.0,691.0,691.0,0.0,0.0,0.0,0.0
ADIN,22.3.2019,691.0,691.0,691.0,691.0,0.0,100.0,69100.0,69100.0
ADIN,21.3.2019,691.0,691.0,691.0,691.0,0.0,0.0,0.0,0.0
ADIN,20.3.2019,691.0,691.0,691.0,691.0,0.0,0.0,0.0,0.0
ADIN,19.3.2019,691.0,691.0,691.0,691.0,0.0,0.0,0.0,0.0
ADIN,18.3.2019,691.0,691.0,691.0,691.0,0.0,0.0,0.0,0.0
ADIN,15.3.2019,691.0,691.0,691.0,691.0,0.0,0.0,0.0,0.0
ADIN,14.3.2019,691.0,691.0,691.0,691.0,0.0,0.0,0.0,0.0
ADIN,13.3.2019,691.0,691.0,691.0,691.0,0.0,0.0,0.0,0.0
ADIN,12.3.2019,691.0,691.0,691.0,691.0,0.0,0.0,0.0,0.0
ADIN,11.3.2019,691.0,691.0,691.0,691.0,0.0,0.0,0.0,0.0
ADIN,08.3.2019,691.0,691.0,691.0,691.0,0.0,0.0,0.0,0.0
ADIN,07.3.2019,691.0,691.0,691.0,691.0,0.0,0.0,0.0,0.0
ADIN,06.3.2019,691.0,691.0,691.0,691.0,0.0,0.0,0.0,0.0
ADIN,05.3.2019,691.0,691.0,691.0,691.0,0.0,0.0,0.0,0.0
ADIN,04.3.2019,691.0,691.0,691.0,691.0,4.7,380.0,262580.0,262580.0
ADIN,01.3.2019,660.0,660.0,660.0,660.0,0.0,0.0,0.0,0.0
ADIN,28.2.2019,660.0,660.0,660.0,660.0,0.0,0.0,0.0,0.0
ADIN,27.2.2019,660.0,660.0,660.0,660.0,0.0,0.0,0.0,0.0
ADIN,26.2.2019,660.0,660.0,660.0,660.0,0.0,0.0,0.0,0.0
ADIN,25.2.2019,660.0,660.0,660.0,660.0,0.0,0.0,0.0,0.0
ADIN,22.2.2019,660.0,660.0,660.0,660.0,0.0,0.0,0.0,0.0
ADIN,21.2.2019,660.0,660.0,660.0,660.0,0.0,0.0,0.0,0.0
ADIN,20.2.2019,660.0,660.0,660.0,660.0,0.0,0.0,0.0,0.0
ADIN,19.2.2019,660.0,660.0,660.0,660.0,0.0,0.0,0.0,0.0
ADIN,18.2.2019,660.0,660.0,660.0,660.0,0.0,0.0,0.0,0.0
ADIN,15.2.2019,660.0,660.0,660.0,660.0,0.0,0.0,0.0,0.0
ADIN,14.2.2019,660.0,660.0,660.0,660.0,0.0,1.0,660000.0,660000.0
ADIN,13.2.2019,660.0,660.0,660.0,660.0,0.0,0.0,0.0,0.0
ADIN,12.2.2019,660.0,660.0,660.0,660.0,0.0,0.0,0.0,0.0
ADIN,11.2.2019,660.0,660.0,660.0,660.0,0.0,0.0,0.0,0.0
ADIN,08.2.2019,660.0,660.0,660.0,660.0,0.0,0.0,0.0,0.0
ADIN,07.2.2019,660.0,660.0,660.0,660.0,0.0,0.0,0.0,0.0
ADIN,06.2.2019,660.0,660.0,660.0,660.0,0.0,0.0,0.0,0.0
ADIN,05.2.2019,660.0,660.0,660.0,660.0,0.0,0.0,0.0,0.0
ADIN,04.2.2019,660.0,660.0,660.0,660.0,0.0,0.0,0.0,0.0
ADIN,01.2.2019,660.0,660.0,660.0,660.0,0.0,0.0,0.0,0.0
ADIN,31.1.2019,660.0,660.0,660.0,660.0,0.0,0.0,0.0,0.0
ADIN,30.1.2019,660.0,660.0,660.0,660.0,0.0,0.0,0.0,0.0
ADIN,29.1.2019,660.0,660.0,660.0,660.0,0.0,0.0,0.0,0.0
ADIN,28.1.2019,660.0,660.0,660.0,660.0,0.0,0.0,0.0,0.0
ADIN,25.1.2019,660.0,660.0,660.0,660.0,0.0,0.0,0.0,0.0
ADIN,24.1.2019,660.0,660.0,660.0,660.0,0.0,0.0,0.0,0.0
ADIN,23.1.2019,660.0,660.0,660.0,660.0,0.0,0.0,0.0,0.0
ADIN,22.1.2019,660.0,660.0,660.0,660.0,0.0,0.0,0.0,0.0
ADIN,21.1.2019,660.0,660.0,660.0,660.0,0.0,0.0,0.0,0.0
ADIN,18.1.2019,660.0,660.0,660.0,660.0,0.0,0.0,0.0,0.0
ADIN,17.1.2019,660.0,660.0,660.0,660.0,0.0,0.0,0.0,0.0
ADIN,16.1.2019,660.0,660.0,660.0,660.0,0.0,0.0,0.0,0.0
ADIN,15.1.2019,660.0,660.0,660.0,660.0,0.0,0.0,0.0,0.0
ADIN,14.1.2019,660.0,660.0,660.0,660.0,0.0,0.0,0.0,0.0
ADIN,11.1.2019,660.0,660.0,660.0,660.0,0.0,0.0,0.0,0.0
ADIN,10.1.2019,660.0,660.0,660.0,660.0,0.0,0.0,0.0,0.0
ADIN,09.1.2019,660.0,660.0,660.0,660.0,0.0,0.0,0.0,0.0
ADIN,08.1.2019,660.0,660.0,660.0,660.0,0.0,0.0,0.0,0.0
ADIN,04.1.2019,660.0,660.0,660.0,660.0,0.0,0.0,0.0,0.0
ADIN,03.1.2019,660.0,660.0,660.0,660.0,0.0,0.0,0.0,0.0
ADIN,02.1.2019,660.0,660.0,660.0,660.0,0.0,0.0,0.0,0.0
ADIN,28.12.2018,660.0,660.0,660.0,660.0,0.0,0.0,0.0,0.0
ADIN,27.12.2018,660.0,660.0,660.0,660.0,0.0,0.0,0.0,0.0
ADIN,26.12.2018,660.0,660.0,660.0,660.0,0.0,50.0,33000.0,33000.0
ADIN,25.12.2018,660.0,660.0,660.0,660.0,0.0,0.0,0.0,0.0
ADIN,24.12.2018,660.0,660.0,660.0,660.0,0.0,0.0,0.0,0.0
ADIN,21.12.2018,660.0,660.0,660.0,660.0,0.0,0.0,0.0,0.0
ADIN,20.12.2018,660.0,660.0,660.0,660.0,0.0,0.0,0.0,0.0
ADIN,19.12.2018,660.0,660.0,660.0,660.0,0.0,0.0,0.0,0.0
ADIN,18.12.2018,660.0,660.0,660.0,660.0,-5.71,400.0,264000.0,264000.0
ADIN,17.12.2018,700.0,700.0,700.0,700.0,0.0,0.0,0.0,0.0
ADIN,14.12.2018,700.0,700.0,700.0,700.0,0.0,0.0,0.0,0.0
ADIN,13.12.2018,700.0,700.0,700.0,700.0,0.0,0.0,0.0,0.0
ADIN,12.12.2018,700.0,700.0,700.0,700.0,0.0,0.0,0.0,0.0
ADIN,11.12.2018,700.0,700.0,700.0,700.0,0.0,0.0,0.0,0.0
ADIN,10.12.2018,700.0,700.0,700.0,700.0,0.0,0.0,0.0,0.0
ADIN,07.12.2018,700.0,700.0,700.0,700.0,0.0,0.0,0.0,0.0
ADIN,06.12.2018,700.0,700.0,700.0,700.0,0.0,0.0,0.0,0.0
ADIN,05.12.2018,700.0,700.0,700.0,700.0,0.0,0.0,0.0,0.0
ADIN,04.12.2018,700.0,700.0,700.0,700.0,0.0,0.0,0.0,0.0
ADIN,03.12.2018,700.0,700.0,700.0,700.0,0.0,0.0,0.0,0.0
ADIN,30.11.2018,700.0,700.0,700.0,700.0,0.0,0.0,0.0,0.0
ADIN,29.11.2018,700.0,700.0,700.0,700.0,0.0,80.0,56000.0,56000.0
ADIN,28.11.2018,700.0,700.0,700.0,700.0,13.27,270.0,189000.0,189000.0
ADIN,27.11.2018,618.0,618.0,618.0,618.0,0.0,0.0,0.0,0.0
ADIN,26.11.2018,618.0,618.0,618.0,618.0,0.0,0.0,0.0,0.0
ADIN,23.11.2018,618.0,618.0,618.0,618.0,0.0,0.0,0.0,0.0
ADIN,22.11.2018,618.0,618.0,618.0,618.0,0.0,0.0,0.0,0.0
ADIN,21.11.2018,618.0,618.0,618.0,618.0,0.0,0.0,0.0,0.0
ADIN,20.11.2018,618.0,618.0,618.0,618.0,0.0,0.0,0.0,0.0
ADIN,19.11.2018,618.0,618.0,618.0,618.0,0.0,0.0,0.0,0.0
ADIN,16.11.2018,618.0,618.0,618.0,618.0,0.0,0.0,0.0,0.0
ADIN,15.11.2018,618.0,618.0,618.0,618.0,0.0,0.0,0.0,0.0
ADIN,14.11.2018,618.0,618.0,618.0,618.0,0.0,0.0,0.0,0.0
ADIN,13.11.2018,618.0,618.0,618.0,618.0,0.0,0.0,0.0,0.0
ADIN,12.11.2018,618.0,618.0,618.0,618.0,0.0,0.0,0.0,0.0
ADIN,09.11.2018,618.0,618.0,618.0,618.0,0.0,0.0,0.0,0.0
ADIN,08.11.2018,618.0,618.0,618.0,618.0,0.0,0.0,0.0,0.0
ADIN,07.11.2018,618.0,618.0,618.0,618.0,0.0,0.0,0.0,0.0
ADIN,06.11.2018,618.0,618.0,618.0,618.0,0.0,0.0,0.0,0.0
ADIN,05.11.2018,618.0,618.0,618.0,618.0,0.0,0.0,0.0,0.0
ADIN,02.11.2018,618.0,618.0,618.0,618.0,0.0,0.0,0.0,0.0
ADIN,01.11.2018,618.0,618.0,618.0,618.0,10.36,360.0,222480.0,222480.0
ADIN,31.10.2018,560.0,560.0,560.0,560.0,0.0,0.0,0.0,0.0
ADIN,30.10.2018,560.0,560.0,560.0,560.0,0.0,0.0,0.0,0.0
ADIN,29.10.2018,560.0,560.0,560.0,560.0,0.0,0.0,0.0,0.0
ADIN,26.10.2018,560.0,560.0,560.0,560.0,0.0,0.0,0.0,0.0
ADIN,25.10.2018,560.0,560.0,560.0,560.0,0.0,0.0,0.0,0.0
ADIN,24.10.2018,560.0,560.0,560.0,560.0,0.0,0.0,0.0,0.0
ADIN,22.10.2018,560.0,560.0,560.0,560.0,0.0,0.0,0.0,0.0
ADIN,19.10.2018,560.0,560.0,560.0,560.0,0.0,0.0,0.0,0.0
ADIN,18.10.2018,560.0,560.0,560.0,560.0,0.0,0.0,0.0,0.0
ADIN,17.10.2018,560.0,560.0,560.0,560.0,0.0,0.0,0.0,0.0
ADIN,16.10.2018,560.0,560.0,560.0,560.0,0.0,0.0,0.0,0.0
ADIN,15.10.2018,560.0,560.0,560.0,560.0,0.0,0.0,0.0,0.0
ADIN,12.10.2018,560.0,560.0,560.0,560.0,0.0,0.0,0.0,0.0
ADIN,10.10.2018,560.0,560.0,560.0,560.0,0.0,0.0,0.0,0.0
ADIN,09.10.2018,560.0,560.0,560.0,560.0,0.0,0.0,0.0,0.0
ADIN,08.10.2018,560.0,560.0,560.0,560.0,0.0,0.0,0.0,0.0
ADIN,05.10.2018,560.0,560.0,560.0,560.0,0.0,0.0,0.0,0.0
ADIN,04.10.2018,560.0,560.0,560.0,560.0,0.0,0.0,0.0,0.0
ADIN,03.10.2018,560.0,560.0,560.0,560.0,0.0,0.0,0.0,0.0
ADIN,02.10.2018,560.0,560.0,560.0,560.0,0.0,0.0,0.0,0.0
ADIN,01.10.2018,560.0,560.0,560.0,560.0,0.0,0.0,0.0,0.0
ADIN,28.9.2018,560.0,560.0,560.0,560.0,0.0,0.0,0.0,0.0
ADIN,27.9.2018,560.0,560.0,560.0,560.0,0.0,0.0,0.0,0.0
ADIN,26.9.2018,560.0,560.0,560.0,560.0,0.0,0.0,0.0,0.0
ADIN,25.9.2018,560.0,560.0,560.0,560.0,0.0,0.0,0.0,0.0
ADIN,24.9.2018,560.0,560.0,560.0,560.0,0.0,15.0,8400.0,8400.0
ADIN,21.9.2018,560.0,560.0,560.0,560.0,0.0,0.0,0.0,0.0
ADIN,20.9.2018,560.0,560.0,560.0,560.0,0.54,500.0,280000.0,280000.0
ADIN,19.9.2018,557.0,557.0,557.0,557.0,0.0,0.0,0.0,0.0
ADIN,18.9.2018,557.0,557.0,557.0,557.0,0.0,0.0,0.0,0.0
ADIN,17.9.2018,557.0,557.0,557.0,557.0,-2.96,360.0,200520.0,200520.0
ADIN,14.9.2018,574.0,574.0,574.0,574.0,0.0,0.0,0.0,0.0
ADIN,13.9.2018,574.0,574.0,574.0,574.0,0.0,0.0,0.0,0.0
ADIN,12.9.2018,574.0,574.0,574.0,574.0,0.0,0.0,0.0,0.0
ADIN,11.9.2018,574.0,574.0,574.0,574.0,0.0,0.0,0.0,0.0
ADIN,10.9.2018,574.0,574.0,574.0,574.0,0.0,0.0,0.0,0.0
ADIN,07.9.2018,574.0,574.0,574.0,574.0,0.0,0.0,0.0,0.0
ADIN,06.9.2018,574.0,574.0,574.0,574.0,0.0,0.0,0.0,0.0
ADIN,05.9.2018,574.0,574.0,574.0,574.0,0.0,0.0,0.0,0.0
ADIN,04.9.2018,574.0,574.0,574.0,574.0,0.0,0.0,0.0,0.0
ADIN,03.9.2018,574.0,574.0,574.0,574.0,0.0,0.0,0.0,0.0
ADIN,31.8.2018,574.0,574.0,574.0,574.0,0.0,0.0,0.0,0.0
ADIN,30.8.2018,574.0,574.0,574.0,574.0,0.0,0.0,0.0,0.0
ADIN,29.8.2018,574.0,574.0,574.0,574.0,0.0,0.0,0.0,0.0
ADIN,27.8.2018,574.0,574.0,574.0,574.0,0.0,0.0,0.0,0.0
ADIN,24.8.2018,574.0,574.0,574.0,574.0,0.0,0.0,0.0,0.0
ADIN,23.8.2018,574.0,574.0,574.0,574.0,2.87,500.0,287000.0,287000.0
ADIN,22.8.2018,558.0,558.0,558.0,558.0,0.0,0.0,0.0,0.0
ADIN,21.8.2018,558.0,558.0,558.0,558.0,0.0,0.0,0.0,0.0
ADIN,20.8.2018,558.0,558.0,558.0,558.0,0.0,0.0,0.0,0.0
ADIN,17.8.2018,558.0,558.0,558.0,558.0,0.0,0.0,0.0,0.0
ADIN,16.8.2018,558.0,558.0,558.0,558.0,0.0,320.0,178560.0,178560.0
ADIN,15.8.2018,558.0,558.0,558.0,558.0,0.0,0.0,0.0,0.0
ADIN,14.8.2018,558.0,558.0,558.0,558.0,0.0,0.0,0.0,0.0
ADIN,13.8.2018,558.0,558.0,558.0,558.0,0.0,0.0,0.0,0.0
ADIN,10.8.2018,558.0,558.0,558.0,558.0,0.0,0.0,0.0,0.0
ADIN,09.8.2018,558.0,558.0,558.0,558.0,0.0,0.0,0.0,0.0
ADIN,08.8.2018,558.0,558.0,558.0,558.0,0.0,0.0,0.0,0.0
ADIN,07.8.2018,558.0,558.0,558.0,558.0,0.0,0.0,0.0,0.0
ADIN,06.8.2018,558.0,558.0,558.0,558.0,0.0,0.0,0.0,0.0
ADIN,03.8.2018,558.0,558.0,558.0,558.0,0.0,0.0,0.0,0.0
ADIN,01.8.2018,558.0,558.0,558.0,558.0,0.0,0.0,0.0,0.0
ADIN,31.7.2018,558.0,558.0,558.0,558.0,0.0,0.0,0.0,0.0
ADIN,30.7.2018,558.0,558.0,558.0,558.0,0.0,0.0,0.0,0.0
ADIN,27.7.2018,558.0,558.0,558.0,558.0,0.0,0.0,0.0,0.0
ADIN,26.7.2018,558.0,558.0,558.0,558.0,0.0,0.0,0.0,0.0
ADIN,25.7.2018,558.0,558.0,558.0,558.0,13.88,105.0,58590.0,58590.0
ADIN,24.7.2018,490.0,490.0,490.0,490.0,0.0,0.0,0.0,0.0
ADIN,23.7.2018,490.0,490.0,490.0,490.0,0.0,0.0,0.0,0.0
ADIN,20.7.2018,490.0,490.0,490.0,490.0,0.0,0.0,0.0,0.0
ADIN,19.7.2018,490.0,490.0,490.0,490.0,0.0,0.0,0.0,0.0
ADIN,18.7.2018,490.0,490.0,490.0,490.0,0.0,0.0,0.0,0.0
ADIN,17.7.2018,490.0,490.0,490.0,490.0,0.0,0.0,0.0,0.0
ADIN,16.7.2018,490.0,490.0,490.0,490.0,0.0,0.0,0.0,0.0
ADIN,13.7.2018,490.0,490.0,490.0,490.0,0.0,0.0,0.0,0.0
ADIN,12.7.2018,490.0,490.0,490.0,490.0,0.0,0.0,0.0,0.0
ADIN,11.7.2018,490.0,490.0,490.0,490.0,0.0,0.0,0.0,0.0
ADIN,10.7.2018,490.0,490.0,490.0,490.0,0.0,0.0,0.0,0.0
ADIN,09.7.2018,490.0,490.0,490.0,490.0,0.0,0.0,0.0,0.0
ADIN,06.7.2018,490.0,490.0,490.0,490.0,0.0,0.0,0.0,0.0
ADIN,05.7.2018,490.0,490.0,490.0,490.0,0.0,0.0,0.0,0.0
ADIN,04.7.2018,490.0,490.0,490.0,490.0,0.0,0.0,0.0,0.0
ADIN,03.7.2018,490.0,490.0,490.0,490.0,0.0,0.0,0.0,0.0
ADIN,02.7.2018,490.0,490.0,490.0,490.0,0.0,0.0,0.0,0.0
ADIN,29.6.2018,490.0,490.0,490.0,490.0,0.0,0.0,0.0,0.0
ADIN,28.6.2018,490.0,490.0,490.0,490.0,0.0,0.0,0.0,0.0
ADIN,27.6.2018,490.0,490.0,490.0,490.0,0.0,0.0,0.0,0.0
ADIN,26.6.2018,490.0,490.0,490.0,490.0,0.0,0.0,0.0,0.0
ADIN,25.6.2018,490.0,490.0,490.0,490.0,0.0,0.0,0.0,0.0
ADIN,22.6.2018,490.0,490.0,490.0,490.0,0.0,0.0,0.0,0.0
ADIN,21.6.2018,490.0,490.0,490.0,490.0,0.0,0.0,0.0,0.0
ADIN,20.6.2018,490.0,490.0,490.0,490.0,0.0,0.0,0.0,0.0
ADIN,19.6.2018,490.0,490.0,490.0,490.0,0.0,0.0,0.0,0.0
ADIN,18.6.2018,490.0,490.0,490.0,490.0,0.0,0.0,0.0,0.0
ADIN,14.6.2018,490.0,490.0,490.0,490.0,0.0,0.0,0.0,0.0
ADIN,13.6.2018,490.0,490.0,490.0,490.0,0.0,0.0,0.0,0.0
ADIN,12.6.2018,490.0,490.0,490.0,490.0,0.0,0.0,0.0,0.0
ADIN,11.6.2018,490.0,490.0,490.0,490.0,0.0,0.0,0.0,0.0
ADIN,08.6.2018,490.0,490.0,490.0,490.0,0.0,0.0,0.0,0.0
ADIN,07.6.2018,490.0,490.0,490.0,490.0,0.0,0.0,0.0,0.0
ADIN,06.6.2018,490.0,490.0,490.0,490.0,0.0,0.0,0.0,0.0
ADIN,05.6.2018,490.0,490.0,490.0,490.0,0.0,0.0,0.0,0.0
ADIN,04.6.2018,490.0,490.0,490.0,490.0,0.0,0.0,0.0,0.0
ADIN,01.6.2018,490.0,490.0,490.0,490.0,0.0,0.0,0.0,0.0
ADIN,31.5.2018,490.0,490.0,490.0,490.0,0.0,0.0,0.0,0.0
ADIN,30.5.2018,490.0,490.0,490.0,490.0,0.0,0.0,0.0,0.0
ADIN,29.5.2018,490.0,490.0,490.0,490.0,0.0,0.0,0.0,0.0
ADIN,28.5.2018,490.0,490.0,490.0,490.0,0.0,0.0,0.0,0.0
ADIN,23.5.2018,490.0,490.0,490.0,490.0,0.0,0.0,0.0,0.0
ADIN,22.5.2018,490.0,490.0,490.0,490.0,0.0,0.0,0.0,0.0
ADIN,21.5.2018,490.0,490.0,490.0,490.0,0.0,0.0,0.0,0.0
ADIN,18.5.2018,490.0,490.0,490.0,490.0,0.0,0.0,0.0,0.0
ADIN,17.5.2018,490.0,490.0,490.0,490.0,0.0,0.0,0.0,0.0
ADIN,16.5.2018,490.0,490.0,490.0,490.0,0.0,0.0,0.0,0.0
ADIN,15.5.2018,490.0,490.0,490.0,490.0,0.0,0.0,0.0,0.0
ADIN,14.5.2018,490.0,490.0,490.0,490.0,0.0,0.0,0.0,0.0
ADIN,11.5.2018,490.0,490.0,490.0,490.0,0.0,0.0,0.0,0.0
ADIN,10.5.2018,490.0,490.0,490.0,490.0,0.0,0.0,0.0,0.0
ADIN,09.5.2018,490.0,490.0,490.0,490.0,0.0,0.0,0.0,0.0
ADIN,08.5.2018,490.0,490.0,490.0,490.0,0.0,0.0,0.0,0.0
ADIN,07.5.2018,490.0,490.0,490.0,490.0,0.0,0.0,0.0,0.0
ADIN,04.5.2018,490.0,490.0,490.0,490.0,0.0,0.0,0.0,0.0
ADIN,03.5.2018,490.0,490.0,490.0,490.0,0.0,0.0,0.0,0.0
ADIN,02.5.2018,490.0,490.0,490.0,490.0,0.0,0.0,0.0,0.0
ADIN,30.4.2018,490.0,490.0,490.0,490.0,0.0,0.0,0.0,0.0
ADIN,27.4.2018,490.0,490.0,490.0,490.0,0.0,0.0,0.0,0.0
ADIN,26.4.2018,490.0,490.0,490.0,490.0,0.0,0.0,0.0,0.0
ADIN,25.4.2018,490.0,490.0,490.0,490.0,0.0,0.0,0.0,0.0
ADIN,24.4.2018,490.0,490.0,490.0,490.0,0.0,0.0,0.0,0.0
ADIN,23.4.2018,490.0,490.0,490.0,490.0,0.0,0.0,0.0,0.0
ADIN,20.4.2018,490.0,490.0,490.0,490.0,0.0,0.0,0.0,0.0
ADIN,19.4.2018,490.0,490.0,490.0,490.0,0.0,0.0,0.0,0.0
ADIN,18.4.2018,490.0,490.0,490.0,490.0,0.0,0.0,0.0,0.0
ADIN,17.4.2018,490.0,490.0,490.0,490.0,0.0,0.0,0.0,0.0
ADIN,16.4.2018,490.0,490.0,490.0,490.0,0.0,0.0,0.0,0.0
ADIN,13.4.2018,490.0,490.0,490.0,490.0,0.0,0.0,0.0,0.0
ADIN,12.4.2018,490.0,490.0,490.0,490.0,0.0,0.0,0.0,0.0
ADIN,11.4.2018,490.0,490.0,490.0,490.0,0.0,0.0,0.0,0.0
ADIN,10.4.2018,490.0,490.0,490.0,490.0,0.0,0.0,0.0,0.0
ADIN,05.4.2018,490.0,490.0,490.0,490.0,0.0,0.0,0.0,0.0
ADIN,04.4.2018,490.0,490.0,490.0,490.0,0.0,0.0,0.0,0.0
ADIN,03.4.2018,490.0,490.0,490.0,490.0,0.0,0.0,0.0,0.0
ADIN,02.4.2018,490.0,490.0,490.0,490.0,0.0,0.0,0.0,0.0
ADIN,30.3.2018,490.0,490.0,490.0,490.0,0.0,0.0,0.0,0.0
ADIN,29.3.2018,490.0,490.0,490.0,490.0,0.0,0.0,0.0,0.0
ADIN,28.3.2018,490.0,490.0,490.0,490.0,0.0,0.0,0.0,0.0
ADIN,27.3.2018,490.0,490.0,490.0,490.0,0.0,0.0,0.0,0.0
ADIN,26.3.2018,490.0,490.0,490.0,490.0,0.0,0.0,0.0,0.0
ADIN,23.3.2018,490.0,490.0,490.0,490.0,0.0,0.0,0.0,0.0
ADIN,22.3.2018,490.0,490.0,490.0,490.0,0.0,0.0,0.0,0.0
ADIN,21.3.2018,490.0,490.0,490.0,490.0,0.0,0.0,0.0,0.0
ADIN,20.3.2018,490.0,490.0,490.0,490.0,0.0,0.0,0.0,0.0
ADIN,19.3.2018,490.0,490.0,490.0,490.0,0.0,0.0,0.0,0.0
ADIN,16.3.2018,490.0,490.0,490.0,490.0,0.0,0.0,0.0,0.0
ADIN,15.3.2018,490.0,490.0,490.0,490.0,0.0,0.0,0.0,0.0
ADIN,14.3.2018,490.0,490.0,490.0,490.0,0.0,0.0,0.0,0.0
ADIN,13.3.2018,490.0,490.0,490.0,490.0,0.0,0.0,0.0,0.0
ADIN,12.3.2018,490.0,490.0,490.0,490.0,0.0,0.0,0.0,0.0
ADIN,09.3.2018,490.0,490.0,490.0,490.0,0.0,0.0,0.0,0.0
ADIN,08.3.2018,490.0,490.0,490.0,490.0,0.0,0.0,0.0,0.0
ADIN,07.3.2018,490.0,490.0,490.0,490.0,0.0,50.0,24500.0,24500.0
ADIN,06.3.2018,490.0,490.0,490.0,490.0,0.0,0.0,0.0,0.0
ADIN,05.3.2018,490.0,490.0,490.0,490.0,0.0,0.0,0.0,0.0
ADIN,02.3.2018,490.0,490.0,490.0,490.0,0.0,0.0,0.0,0.0
ADIN,01.3.2018,490.0,490.0,490.0,490.0,0.0,0.0,0.0,0.0
ADIN,28.2.2018,490.0,490.0,490.0,490.0,0.0,0.0,0.0,0.0
ADIN,27.2.2018,490.0,490.0,490.0,490.0,0.0,0.0,0.0,0.0
ADIN,26.2.2018,490.0,490.0,490.0,490.0,0.0,0.0,0.0,0.0
ADIN,23.2.2018,490.0,490.0,490.0,490.0,0.0,0.0,0.0,0.0
ADIN,22.2.2018,490.0,490.0,490.0,490.0,0.0,0.0,0.0,0.0
ADIN,21.2.2018,490.0,490.0,490.0,490.0,0.0,0.0,0.0,0.0
ADIN,20.2.2018,490.0,490.0,490.0,490.0,0.0,0.0,0.0,0.0
ADIN,19.2.2018,490.0,490.0,490.0,490.0,0.0,0.0,0.0,0.0
ADIN,16.2.2018,490.0,490.0,490.0,490.0,0.0,0.0,0.0,0.0
ADIN,15.2.2018,490.0,490.0,490.0,490.0,0.0,0.0,0.0,0.0
ADIN,14.2.2018,490.0,490.0,490.0,490.0,0.0,200.0,98000.0,98000.0
ADIN,13.2.2018,490.0,490.0,490.0,490.0,0.0,0.0,0.0,0.0
ADIN,12.2.2018,490.0,490.0,490.0,490.0,0.0,0.0,0.0,0.0
ADIN,09.2.2018,490.0,490.0,490.0,490.0,0.0,0.0,0.0,0.0
ADIN,08.2.2018,490.0,490.0,490.0,490.0,0.0,0.0,0.0,0.0
ADIN,07.2.2018,490.0,490.0,490.0,490.0,0.0,0.0,0.0,0.0
ADIN,06.2.2018,490.0,490.0,490.0,490.0,0.0,0.0,0.0,0.0
ADIN,05.2.2018,490.0,490.0,490.0,490.0,0.0,0.0,0.0,0.0
ADIN,02.2.2018,490.0,490.0,490.0,490.0,0.0,0.0,0.0,0.0
ADIN,01.2.2018,490.0,490.0,490.0,490.0,0.0,0.0,0.0,0.0
ADIN,31.1.2018,490.0,490.0,490.0,490.0,0.0,0.0,0.0,0.0
ADIN,30.1.2018,490.0,490.0,490.0,490.0,0.0,0.0,0.0,0.0
ADIN,29.1.2018,490.0,490.0,490.0,490.0,-5.41,110.0,53900.0,53900.0
ADIN,26.1.2018,518.0,518.0,518.0,518.0,0.0,0.0,0.0,0.0
ADIN,25.1.2018,518.0,518.0,518.0,518.0,0.0,0.0,0.0,0.0
ADIN,24.1.2018,518.0,518.0,518.0,518.0,0.0,0.0,0.0,0.0
ADIN,23.1.2018,518.0,518.0,518.0,518.0,0.0,0.0,0.0,0.0
ADIN,22.1.2018,518.0,518.0,518.0,518.0,0.0,0.0,0.0,0.0
ADIN,18.1.2018,518.0,518.0,518.0,518.0,0.0,0.0,0.0,0.0
ADIN,17.1.2018,518.0,518.0,518.0,518.0,0.0,0.0,0.0,0.0
ADIN,16.1.2018,518.0,518.0,518.0,518.0,0.0,0.0,0.0,0.0
ADIN,15.1.2018,518.0,518.0,518.0,518.0,0.0,0.0,0.0,0.0
ADIN,12.1.2018,518.0,518.0,518.0,518.0,0.0,0.0,0.0,0.0
ADIN,11.1.2018,518.0,518.0,518.0,518.0,0.0,0.0,0.0,0.0
ADIN,10.1.2018,518.0,518.0,518.0,518.0,0.0,0.0,0.0,0.0
ADIN,09.1.2018,518.0,518.0,518.0,518.0,0.0,0.0,0.0,0.0
ADIN,05.1.2018,518.0,518.0,518.0,518.0,0.0,0.0,0.0,0.0
ADIN,04.1.2018,518.0,518.0,518.0,518.0,-3.0,350.0,181300.0,181300.0
ADIN,03.1.2018,534.0,534.0,534.0,534.0,0.0,0.0,0.0,0.0
ADIN,02.1.2018,534.0,534.0,534.0,534.0,0.0,0.0,0.0,0.0
ADIN,28.12.2017,534.0,534.0,534.0,534.0,0.0,0.0,0.0,0.0
ADIN,27.12.2017,534.0,534.0,534.0,534.0,0.0,0.0,0.0,0.0
ADIN,26.12.2017,534.0,534.0,534.0,534.0,0.0,0.0,0.0,0.0
ADIN,25.12.2017,534.0,534.0,534.0,534.0,0.0,0.0,0.0,0.0
ADIN,22.12.2017,534.0,534.0,534.0,534.0,0.0,0.0,0.0,0.0
ADIN,21.12.2017,534.0,534.0,534.0,534.0,0.0,0.0,0.0,0.0
ADIN,20.12.2017,534.0,534.0,534.0,534.0,0.0,0.0,0.0,0.0
ADIN,19.12.2017,534.0,534.0,534.0,534.0,0.0,0.0,0.0,0.0
ADIN,18.12.2017,534.0,534.0,534.0,534.0,0.0,0.0,0.0,0.0
ADIN,15.12.2017,534.0,534.0,534.0,534.0,0.0,0.0,0.0,0.0
ADIN,14.12.2017,534.0,534.0,534.0,534.0,0.0,0.0,0.0,0.0
ADIN,13.12.2017,534.0,534.0,534.0,534.0,0.0,0.0,0.0,0.0
ADIN,12.12.2017,534.0,534.0,534.0,534.0,0.0,0.0,0.0,0.0
ADIN,11.12.2017,534.0,534.0,534.0,534.0,0.0,0.0,0.0,0.0
ADIN,07.12.2017,534.0,534.0,534.0,534.0,0.0,0.0,0.0,0.0
ADIN,06.12.2017,534.0,534.0,534.0,534.0,0.0,0.0,0.0,0.0
ADIN,05.12.2017,534.0,534.0,534.0,534.0,0.0,0.0,0.0,0.0
ADIN,04.12.2017,534.0,534.0,534.0,534.0,0.0,0.0,0.0,0.0
ADIN,01.12.2017,534.0,534.0,534.0,534.0,0.0,0.0,0.0,0.0
ADIN,30.11.2017,534.0,534.0,534.0,534.0,0.0,0.0,0.0,0.0
ADIN,29.11.2017,534.0,534.0,534.0,534.0,0.0,0.0,0.0,0.0
ADIN,28.11.2017,534.0,534.0,534.0,534.0,0.0,0.0,0.0,0.0
ADIN,27.11.2017,534.0,534.0,534.0,534.0,0.0,0.0,0.0,0.0
ADIN,24.11.2017,534.0,534.0,534.0,534.0,-1.11,200.0,106800.0,106800.0
ADIN,23.11.2017,540.0,540.0,540.0,540.0,0.0,0.0,0.0,0.0
ADIN,22.11.2017,540.0,540.0,540.0,540.0,0.0,0.0,0.0,0.0
ADIN,21.11.2017,540.0,540.0,540.0,540.0,-1.82,120.0,64800.0,64800.0
ADIN,20.11.2017,550.0,550.0,550.0,550.0,0.0,350.0,192500.0,192500.0
ADIN,17.11.2017,550.0,550.0,550.0,550.0,0.0,0.0,0.0,0.0
ADIN,16.11.2017,550.0,550.0,550.0,550.0,-2.83,10.0,5500.0,5500.0
ADIN,15.11.2017,566.0,566.0,566.0,566.0,0.0,0.0,0.0,0.0
ADIN,14.11.2017,566.0,566.0,566.0,566.0,0.0,0.0,0.0,0.0
ADIN,13.11.2017,566.0,566.0,566.0,566.0,0.0,0.0,0.0,0.0
ADIN,10.11.2017,566.0,566.0,566.0,566.0,0.0,0.0,0.0,0.0
ADIN,09.11.2017,566.0,566.0,566.0,566.0,0.0,0.0,0.0,0.0
ADIN,08.11.2017,566.0,566.0,566.0,566.0,0.0,0.0,0.0,0.0
ADIN,07.11.2017,566.0,566.0,566.0,566.0,2.91,600.0,339600.0,339600.0
ADIN,06.11.2017,550.0,550.0,550.0,550.0,0.0,0.0,0.0,0.0
ADIN,03.11.2017,550.0,550.0,550.0,550.0,0.0,0.0,0.0,0.0
ADIN,02.11.2017,550.0,550.0,550.0,550.0,0.0,30.0,16500.0,16500.0
ADIN,01.11.2017,550.0,550.0,550.0,550.0,0.0,0.0,0.0,0.0
ADIN,31.10.2017,550.0,550.0,550.0,550.0,0.0,0.0,0.0,0.0
ADIN,30.10.2017,550.0,550.0,550.0,550.0,0.0,0.0,0.0,0.0
ADIN,27.10.2017,550.0,550.0,550.0,550.0,-16.54,500.0,275000.0,275000.0
ADIN,26.10.2017,659.0,659.0,659.0,659.0,0.0,0.0,0.0,0.0
ADIN,25.10.2017,659.0,659.0,659.0,659.0,0.0,0.0,0.0,0.0
ADIN,24.10.2017,659.0,659.0,659.0,659.0,0.0,0.0,0.0,0.0
ADIN,20.10.2017,659.0,659.0,659.0,659.0,0.0,0.0,0.0,0.0
ADIN,19.10.2017,659.0,659.0,659.0,659.0,0.0,0.0,0.0,0.0
ADIN,18.10.2017,659.0,659.0,659.0,659.0,0.0,0.0,0.0,0.0
ADIN,17.10.2017,659.0,659.0,659.0,659.0,0.0,0.0,0.0,0.0
ADIN,16.10.2017,659.0,659.0,659.0,659.0,0.0,0.0,0.0,0.0
ADIN,13.10.2017,659.0,659.0,659.0,659.0,0.0,0.0,0.0,0.0
ADIN,12.10.2017,659.0,659.0,659.0,659.0,0.0,0.0,0.0,0.0
ADIN,10.10.2017,659.0,659.0,659.0,659.0,0.0,0.0,0.0,0.0
ADIN,09.10.2017,659.0,659.0,659.0,659.0,0.0,0.0,0.0,0.0
ADIN,06.10.2017,659.0,659.0,659.0,659.0,0.0,0.0,0.0,0.0
ADIN,05.10.2017,659.0,659.0,659.0,659.0,0.0,0.0,0.0,0.0
ADIN,04.10.2017,659.0,659.0,659.0,659.0,0.0,0.0,0.0,0.0
ADIN,03.10.2017,659.0,659.0,659.0,659.0,0.0,0.0,0.0,0.0
ADIN,02.10.2017,659.0,659.0,659.0,659.0,0.0,0.0,0.0,0.0
ADIN,29.9.2017,659.0,659.0,659.0,659.0,0.0,0.0,0.0,0.0
ADIN,28.9.2017,659.0,659.0,659.0,659.0,0.0,0.0,0.0,0.0
ADIN,27.9.2017,659.0,659.0,659.0,659.0,0.0,0.0,0.0,0.0
ADIN,26.9.2017,659.0,659.0,659.0,659.0,0.0,0.0,0.0,0.0
ADIN,25.9.2017,659.0,659.0,659.0,659.0,0.0,0.0,0.0,0.0
ADIN,22.9.2017,659.0,659.0,659.0,659.0,0.0,0.0,0.0,0.0
ADIN,21.9.2017,659.0,659.0,659.0,659.0,0.0,0.0,0.0,0.0
ADIN,20.9.2017,659.0,659.0,659.0,659.0,0.0,0.0,0.0,0.0
ADIN,19.9.2017,659.0,659.0,659.0,659.0,0.0,0.0,0.0,0.0
ADIN,18.9.2017,659.0,659.0,659.0,659.0,0.0,0.0,0.0,0.0
ADIN,15.9.2017,659.0,659.0,659.0,659.0,0.0,0.0,0.0,0.0
ADIN,14.9.2017,659.0,659.0,659.0,659.0,0.0,0.0,0.0,0.0
ADIN,13.9.2017,659.0,659.0,659.0,659.0,0.0,0.0,0.0,0.0
ADIN,12.9.2017,659.0,659.0,659.0,659.0,0.0,0.0,0.0,0.0
ADIN,11.9.2017,659.0,659.0,659.0,659.0,0.0,0.0,0.0,0.0
ADIN,07.9.2017,659.0,659.0,659.0,659.0,-3.09,100.0,65900.0,65900.0
ADIN,06.9.2017,680.0,680.0,680.0,680.0,0.0,0.0,0.0,0.0
ADIN,05.9.2017,680.0,680.0,680.0,680.0,0.0,0.0,0.0,0.0
ADIN,04.9.2017,680.0,680.0,680.0,680.0,0.0,0.0,0.0,0.0
ADIN,01.9.2017,680.0,680.0,680.0,680.0,0.0,0.0,0.0,0.0
ADIN,31.8.2017,680.0,680.0,680.0,680.0,0.0,0.0,0.0,0.0
ADIN,30.8.2017,680.0,680.0,680.0,680.0,0.0,0.0,0.0,0.0
ADIN,29.8.2017,680.0,680.0,680.0,680.0,0.0,0.0,0.0,0.0
ADIN,25.8.2017,680.0,680.0,680.0,680.0,0.0,0.0,0.0,0.0
ADIN,24.8.2017,680.0,680.0,680.0,680.0,0.0,0.0,0.0,0.0
ADIN,23.8.2017,680.0,680.0,680.0,680.0,0.0,0.0,0.0,0.0
ADIN,22.8.2017,680.0,680.0,680.0,680.0,0.0,0.0,0.0,0.0
ADIN,21.8.2017,680.0,680.0,680.0,680.0,0.0,0.0,0.0,0.0
ADIN,18.8.2017,680.0,680.0,680.0,680.0,0.0,0.0,0.0,0.0
ADIN,17.8.2017,680.0,680.0,680.0,680.0,0.0,0.0,0.0,0.0
ADIN,16.8.2017,680.0,680.0,680.0,680.0,0.0,0.0,0.0,0.0
ADIN,15.8.2017,680.0,680.0,680.0,680.0,0.0,0.0,0.0,0.0
ADIN,14.8.2017,680.0,680.0,680.0,680.0,0.0,0.0,0.0,0.0
ADIN,11.8.2017,680.0,680.0,680.0,680.0,0.0,0.0,0.0,0.0
ADIN,10.8.2017,680.0,680.0,680.0,680.0,0.0,0.0,0.0,0.0
ADIN,09.8.2017,680.0,680.0,680.0,680.0,0.0,0.0,0.0,0.0
ADIN,08.8.2017,680.0,680.0,680.0,680.0,0.0,0.0,0.0,0.0
ADIN,07.8.2017,680.0,680.0,680.0,680.0,0.0,0.0,0.0,0.0
ADIN,04.8.2017,680.0,680.0,680.0,680.0,0.0,0.0,0.0,0.0
ADIN,03.8.2017,680.0,680.0,680.0,680.0,0.0,0.0,0.0,0.0
ADIN,01.8.2017,680.0,680.0,680.0,680.0,0.0,0.0,0.0,0.0
ADIN,31.7.2017,680.0,680.0,680.0,680.0,0.0,0.0,0.0,0.0
ADIN,28.7.2017,680.0,680.0,680.0,680.0,0.0,0.0,0.0,0.0
ADIN,27.7.2017,680.0,680.0,680.0,680.0,0.0,0.0,0.0,0.0
ADIN,26.7.2017,680.0,680.0,680.0,680.0,0.0,0.0,0.0,0.0
ADIN,25.7.2017,680.0,680.0,680.0,680.0,0.0,0.0,0.0,0.0
ADIN,24.7.2017,680.0,680.0,680.0,680.0,0.0,0.0,0.0,0.0
ADIN,21.7.2017,680.0,680.0,680.0,680.0,0.0,0.0,0.0,0.0
ADIN,20.7.2017,680.0,680.0,680.0,680.0,0.0,0.0,0.0,0.0
ADIN,19.7.2017,680.0,680.0,680.0,680.0,0.0,0.0,0.0,0.0
ADIN,18.7.2017,680.0,680.0,680.0,680.0,0.0,0.0,0.0,0.0
ADIN,17.7.2017,680.0,680.0,680.0,680.0,0.0,0.0,0.0,0.0
ADIN,14.7.2017,680.0,680.0,680.0,680.0,0.0,0.0,0.0,0.0
ADIN,13.7.2017,680.0,680.0,680.0,680.0,0.0,0.0,0.0,0.0
ADIN,12.7.2017,680.0,680.0,680.0,680.0,0.0,0.0,0.0,0.0
ADIN,11.7.2017,680.0,680.0,680.0,680.0,0.0,0.0,0.0,0.0
ADIN,10.7.2017,680.0,680.0,680.0,680.0,0.0,0.0,0.0,0.0
ADIN,07.7.2017,680.0,680.0,680.0,680.0,0.0,0.0,0.0,0.0
ADIN,06.7.2017,680.0,680.0,680.0,680.0,0.0,0.0,0.0,0.0
ADIN,05.7.2017,680.0,680.0,680.0,680.0,0.0,0.0,0.0,0.0
ADIN,04.7.2017,680.0,680.0,680.0,680.0,0.0,0.0,0.0,0.0
ADIN,03.7.2017,680.0,680.0,680.0,680.0,0.0,0.0,0.0,0.0
ADIN,30.6.2017,680.0,680.0,680.0,680.0,0.0,0.0,0.0,0.0
ADIN,29.6.2017,680.0,680.0,680.0,680.0,0.0,0.0,0.0,0.0
ADIN,28.6.2017,680.0,680.0,680.0,680.0,0.0,0.0,0.0,0.0
ADIN,27.6.2017,680.0,680.0,680.0,680.0,0.0,0.0,0.0,0.0
ADIN,23.6.2017,680.0,680.0,680.0,680.0,0.0,0.0,0.0,0.0
ADIN,22.6.2017,680.0,680.0,680.0,680.0,0.0,0.0,0.0,0.0
ADIN,21.6.2017,680.0,680.0,680.0,680.0,0.0,0.0,0.0,0.0
ADIN,20.6.2017,680.0,680.0,680.0,680.0,0.0,0.0,0.0,0.0
ADIN,19.6.2017,680.0,680.0,680.0,680.0,0.0,0.0,0.0,0.0
ADIN,16.6.2017,680.0,680.0,680.0,680.0,0.0,0.0,0.0,0.0
ADIN,15.6.2017,680.0,680.0,680.0,680.0,0.0,0.0,0.0,0.0
ADIN,14.6.2017,680.0,680.0,680.0,680.0,0.0,0.0,0.0,0.0
ADIN,13.6.2017,680.0,680.0,680.0,680.0,0.0,0.0,0.0,0.0
ADIN,12.6.2017,680.0,680.0,680.0,680.0,0.0,0.0,0.0,0.0
ADIN,09.6.2017,680.0,680.0,680.0,680.0,0.0,0.0,0.0,0.0
ADIN,08.6.2017,680.0,680.0,680.0,680.0,0.0,0.0,0.0,0.0
ADIN,07.6.2017,680.0,680.0,680.0,680.0,0.0,0.0,0.0,0.0
ADIN,06.6.2017,680.0,680.0,680.0,680.0,0.0,0.0,0.0,0.0
ADIN,05.6.2017,680.0,680.0,680.0,680.0,0.0,0.0,0.0,0.0
ADIN,01.6.2017,680.0,680.0,680.0,680.0,0.0,0.0,0.0,0.0
ADIN,31.5.2017,680.0,680.0,680.0,680.0,0.0,0.0,0.0,0.0
ADIN,30.5.2017,680.0,680.0,680.0,680.0,0.0,0.0,0.0,0.0
ADIN,29.5.2017,680.0,680.0,680.0,680.0,0.0,0.0,0.0,0.0
ADIN,26.5.2017,680.0,680.0,680.0,680.0,0.0,0.0,0.0,0.0
ADIN,25.5.2017,680.0,680.0,680.0,680.0,0.0,0.0,0.0,0.0
ADIN,23.5.2017,680.0,680.0,680.0,680.0,0.0,0.0,0.0,0.0
ADIN,22.5.2017,680.0,680.0,680.0,680.0,0.0,0.0,0.0,0.0
ADIN,19.5.2017,680.0,680.0,680.0,680.0,0.0,0.0,0.0,0.0
ADIN,18.5.2017,680.0,680.0,680.0,680.0,0.0,0.0,0.0,0.0
ADIN,17.5.2017,680.0,680.0,680.0,680.0,0.0,0.0,0.0,0.0
ADIN,16.5.2017,680.0,680.0,680.0,680.0,0.0,0.0,0.0,0.0
ADIN,15.5.2017,680.0,680.0,680.0,680.0,0.0,0.0,0.0,0.0
ADIN,12.5.2017,680.0,680.0,680.0,680.0,0.0,0.0,0.0,0.0
ADIN,11.5.2017,680.0,680.0,680.0,680.0,0.0,0.0,0.0,0.0
ADIN,10.5.2017,680.0,680.0,680.0,680.0,0.0,0.0,0.0,0.0
ADIN,09.5.2017,680.0,680.0,680.0,680.0,0.0,0.0,0.0,0.0
ADIN,08.5.2017,680.0,680.0,680.0,680.0,0.0,0.0,0.0,0.0
ADIN,05.5.2017,680.0,680.0,680.0,680.0,0.0,0.0,0.0,0.0
ADIN,04.5.2017,680.0,680.0,680.0,680.0,0.0,0.0,0.0,0.0
ADIN,03.5.2017,680.0,680.0,680.0,680.0,0.0,0.0,0.0,0.0
ADIN,02.5.2017,680.0,680.0,680.0,680.0,0.0,0.0,0.0,0.0
ADIN,28.4.2017,680.0,680.0,680.0,680.0,0.0,0.0,0.0,0.0
ADIN,27.4.2017,680.0,680.0,680.0,680.0,0.0,1.288,875840.0,875840.0
ADIN,26.4.2017,680.0,680.0,680.0,680.0,0.0,0.0,0.0,0.0
ADIN,25.4.2017,680.0,680.0,680.0,680.0,6.25,18.308,12449440.0,12449440.0
ADIN,24.4.2017,640.0,640.0,640.0,640.0,0.0,0.0,0.0,0.0
ADIN,21.4.2017,640.0,640.0,640.0,640.0,0.0,0.0,0.0,0.0
ADIN,20.4.2017,640.0,640.0,640.0,640.0,0.0,0.0,0.0,0.0
ADIN,19.4.2017,640.0,640.0,640.0,640.0,6.49,666.0,426240.0,426240.0
ADIN,18.4.2017,601.0,601.0,601.0,601.0,0.0,0.0,0.0,0.0
ADIN,13.4.2017,601.0,601.0,601.0,601.0,0.0,0.0,0.0,0.0
ADIN,12.4.2017,601.0,601.0,601.0,601.0,0.0,0.0,0.0,0.0
ADIN,11.4.2017,601.0,601.0,601.0,601.0,0.0,0.0,0.0,0.0
ADIN,10.4.2017,601.0,601.0,601.0,601.0,0.0,0.0,0.0,0.0
ADIN,07.4.2017,601.0,601.0,601.0,601.0,-6.09,10.0,6010.0,6010.0
ADIN,06.4.2017,640.0,640.0,640.0,640.0,0.0,0.0,0.0,0.0
ADIN,05.4.2017,640.0,640.0,640.0,640.0,0.0,0.0,0.0,0.0
ADIN,04.4.2017,640.0,640.0,640.0,640.0,0.16,1.0,640000.0,640000.0
ADIN,03.4.2017,639.0,639.0,639.0,639.0,0.0,0.0,0.0,0.0
ADIN,31.3.2017,639.0,639.0,639.0,639.0,0.0,0.0,0.0,0.0
ADIN,30.3.2017,639.0,639.0,639.0,639.0,0.0,0.0,0.0,0.0
ADIN,29.3.2017,639.0,639.0,639.0,639.0,-8.71,127.0,81153.0,81153.0
ADIN,28.3.2017,700.0,700.0,700.0,700.0,0.0,0.0,0.0,0.0
ADIN,27.3.2017,700.0,700.0,700.0,700.0,9.55,5.0,3500.0,3500.0
ADIN,24.3.2017,639.0,639.0,639.0,639.0,0.0,0.0,0.0,0.0
ADIN,23.3.2017,639.0,639.0,639.0,639.0,-2.74,5.0,3195.0,3195.0
ADIN,22.3.2017,657.0,657.0,657.0,657.0,0.0,0.0,0.0,0.0
ADIN,21.3.2017,657.0,657.0,657.0,657.0,0.0,0.0,0.0,0.0
ADIN,20.3.2017,657.0,657.0,657.0,657.0,0.0,0.0,0.0,0.0
ADIN,17.3.2017,657.0,657.0,657.0,657.0,0.0,0.0,0.0,0.0
ADIN,16.3.2017,657.0,657.0,657.0,657.0,0.0,0.0,0.0,0.0
ADIN,15.3.2017,657.0,657.0,657.0,657.0,0.0,0.0,0.0,0.0
ADIN,14.3.2017,657.0,657.0,657.0,657.0,0.0,0.0,0.0,0.0
ADIN,13.3.2017,657.0,657.0,657.0,657.0,-10.0,15.0,9855.0,9855.0
ADIN,10.3.2017,730.0,730.0,730.0,730.0,0.0,0.0,0.0,0.0
ADIN,09.3.2017,730.0,730.0,730.0,730.0,0.0,0.0,0.0,0.0
ADIN,08.3.2017,730.0,730.0,730.0,730.0,0.0,0.0,0.0,0.0
ADIN,07.3.2017,730.0,730.0,730.0,730.0,5.42,155.0,113150.0,113150.0
ADIN,06.3.2017,730.0,730.0,630.0,692.5,0.95,40.0,27700.0,27700.0
ADIN,03.3.2017,686.0,686.0,686.0,686.0,0.0,0.0,0.0,0.0
ADIN,02.3.2017,686.0,686.0,686.0,686.0,0.0,0.0,0.0,0.0
ADIN,01.3.2017,686.0,686.0,686.0,686.0,-2.97,490.0,336140.0,336140.0
ADIN,28.2.2017,707.0,707.0,707.0,707.0,0.0,30.0,21210.0,21210.0
ADIN,27.2.2017,707.0,707.0,707.0,707.0,0.0,0.0,0.0,0.0
ADIN,24.2.2017,707.0,707.0,707.0,707.0,-2.88,20.0,14140.0,14140.0
ADIN,23.2.2017,728.0,728.0,728.0,728.0,0.0,0.0,0.0,0.0
ADIN,22.2.2017,728.0,728.0,728.0,728.0,0.0,0.0,0.0,0.0
ADIN,21.2.2017,728.0,728.0,728.0,728.0,0.0,0.0,0.0,0.0
ADIN,20.2.2017,728.0,728.0,728.0,728.0,0.0,0.0,0.0,0.0
ADIN,17.2.2017,728.0,728.0,728.0,728.0,-2.93,30.0,21840.0,21840.0
ADIN,16.2.2017,750.0,750.0,750.0,750.0,2.6,60.0,45000.0,45000.0
ADIN,15.2.2017,731.0,731.0,731.0,731.0,0.0,40.0,29240.0,29240.0
ADIN,14.2.2017,731.0,731.0,731.0,731.0,0.0,0.0,0.0,0.0
ADIN,13.2.2017,731.0,731.0,731.0,731.0,0.0,0.0,0.0,0.0
ADIN,10.2.2017,731.0,731.0,731.0,731.0,0.0,0.0,0.0,1583346.0
ADIN,09.2.2017,731.0,731.0,731.0,731.0,0.0,0.0,0.0,0.0
ADIN,08.2.2017,731.0,731.0,731.0,731.0,0.0,0.0,0.0,0.0
ADIN,07.2.2017,731.0,731.0,731.0,731.0,0.0,0.0,0.0,0.0
ADIN,06.2.2017,731.0,731.0,731.0,731.0,0.0,0.0,0.0,0.0
ADIN,03.2.2017,731.0,731.0,731.0,731.0,0.0,0.0,0.0,0.0
ADIN,02.2.2017,731.0,731.0,731.0,731.0,0.0,0.0,0.0,0.0
ADIN,01.2.2017,731.0,731.0,731.0,731.0,0.0,0.0,0.0,0.0
ADIN,31.1.2017,731.0,731.0,731.0,731.0,0.0,0.0,0.0,0.0
ADIN,30.1.2017,731.0,731.0,731.0,731.0,0.0,0.0,0.0,0.0
ADIN,27.1.2017,731.0,731.0,731.0,731.0,0.0,0.0,0.0,0.0
ADIN,26.1.2017,731.0,731.0,731.0,731.0,0.0,0.0,0.0,0.0
ADIN,25.1.2017,731.0,731.0,731.0,731.0,0.0,0.0,0.0,0.0
ADIN,24.1.2017,731.0,731.0,731.0,731.0,0.0,0.0,0.0,0.0
ADIN,23.1.2017,731.0,731.0,731.0,731.0,0.0,0.0,0.0,0.0
ADIN,20.1.2017,731.0,731.0,731.0,731.0,0.0,0.0,0.0,0.0
ADIN,18.1.2017,731.0,731.0,731.0,731.0,0.0,0.0,0.0,0.0
ADIN,17.1.2017,731.0,731.0,731.0,731.0,0.0,0.0,0.0,0.0
ADIN,16.1.2017,731.0,731.0,731.0,731.0,0.0,0.0,0.0,0.0
ADIN,13.1.2017,731.0,731.0,731.0,731.0,0.0,0.0,0.0,0.0
ADIN,12.1.2017,731.0,731.0,731.0,731.0,0.0,0.0,0.0,0.0
ADIN,11.1.2017,731.0,731.0,731.0,731.0,0.0,0.0,0.0,0.0
ADIN,10.1.2017,731.0,731.0,731.0,731.0,0.0,0.0,0.0,0.0
ADIN,09.1.2017,731.0,731.0,731.0,731.0,0.0,0.0,0.0,0.0
ADIN,05.1.2017,731.0,731.0,731.0,731.0,0.0,0.0,0.0,0.0
ADIN,04.1.2017,731.0,731.0,731.0,731.0,0.0,0.0,0.0,0.0
ADIN,03.1.2017,731.0,731.0,731.0,731.0,9.92,40.0,29240.0,29240.0
ADIN,29.12.2016,665.0,665.0,665.0,665.0,9.92,50.0,33250.0,33250.0
ADIN,28.12.2016,605.0,605.0,605.0,605.0,0.0,0.0,0.0,0.0
ADIN,27.12.2016,605.0,605.0,605.0,605.0,0.0,0.0,0.0,0.0
ADIN,26.12.2016,605.0,605.0,605.0,605.0,0.0,1.599,967395.0,967395.0
ADIN,23.12.2016,605.0,605.0,605.0,605.0,0.0,0.0,0.0,0.0
ADIN,22.12.2016,605.0,605.0,605.0,605.0,0.0,0.0,0.0,0.0
ADIN,21.12.2016,605.0,605.0,605.0,605.0,10.0,8.428,5098940.0,5098940.0
ADIN,20.12.2016,550.0,550.0,550.0,550.0,0.0,0.0,0.0,0.0
ADIN,19.12.2016,550.0,550.0,550.0,550.0,0.0,0.0,0.0,0.0
ADIN,16.12.2016,550.0,550.0,550.0,550.0,0.0,0.0,0.0,0.0
ADIN,15.12.2016,550.0,550.0,550.0,550.0,0.0,672.0,369600.0,369600.0
ADIN,14.12.2016,550.0,550.0,550.0,550.0,-8.33,40.0,22000.0,7986550.0
ADIN,13.12.2016,600.0,600.0,600.0,600.0,0.0,0.0,0.0,0.0
ADIN,12.12.2016,600.0,600.0,600.0,600.0,0.0,0.0,0.0,0.0
ADIN,09.12.2016,600.0,600.0,600.0,600.0,0.0,0.0,0.0,0.0
ADIN,07.12.2016,600.0,600.0,600.0,600.0,0.0,0.0,0.0,0.0
ADIN,06.12.2016,600.0,600.0,600.0,600.0,0.0,0.0,0.0,0.0
ADIN,05.12.2016,600.0,600.0,600.0,600.0,0.0,0.0,0.0,0.0
ADIN,02.12.2016,600.0,600.0,600.0,600.0,0.0,0.0,0.0,0.0
ADIN,01.12.2016,600.0,600.0,600.0,600.0,0.0,0.0,0.0,0.0
ADIN,29.11.2016,600.0,600.0,600.0,600.0,0.0,0.0,0.0,0.0
ADIN,28.11.2016,600.0,600.0,600.0,600.0,0.0,0.0,0.0,0.0
ADIN,25.11.2016,600.0,600.0,600.0,600.0,0.0,0.0,0.0,0.0
ADIN,24.11.2016,600.0,600.0,600.0,600.0,0.0,0.0,0.0,0.0
ADIN,23.11.2016,600.0,600.0,600.0,600.0,0.0,0.0,0.0,0.0
ADIN,22.11.2016,600.0,600.0,600.0,600.0,0.0,0.0,0.0,0.0
ADIN,21.11.2016,600.0,600.0,600.0,600.0,0.0,0.0,0.0,0.0
ADIN,18.11.2016,600.0,600.0,600.0,600.0,9.09,100.0,60000.0,60000.0
ADIN,17.11.2016,550.0,550.0,550.0,550.0,0.0,0.0,0.0,0.0
ADIN,16.11.2016,550.0,550.0,550.0,550.0,0.0,0.0,0.0,0.0
ADIN,15.11.2016,550.0,550.0,550.0,550.0,0.0,90.0,49500.0,49500.0
ADIN,14.11.2016,550.0,550.0,550.0,550.0,10.0,100.0,55000.0,55000.0
ADIN,11.11.2016,500.0,500.0,500.0,500.0,0.0,0.0,0.0,0.0
ADIN,10.11.2016,500.0,500.0,500.0,500.0,0.0,0.0,0.0,0.0
ADIN,09.11.2016,500.0,500.0,500.0,500.0,0.0,200.0,100000.0,100000.0
ADIN,08.11.2016,500.0,500.0,500.0,500.0,0.0,0.0,0.0,0.0
ADIN,07.11.2016,500.0,500.0,500.0,500.0,0.0,0.0,0.0,0.0
ADIN,04.11.2016,500.0,500.0,500.0,500.0,0.0,0.0,0.0,0.0
ADIN,03.11.2016,500.0,500.0,500.0,500.0,0.0,0.0,0.0,0.0
ADIN,02.11.2016,500.0,500.0,500.0,500.0,1.01,200.0,100000.0,100000.0
ADIN,01.11.2016,495.0,495.0,495.0,495.0,2.91,199.0,98505.0,98505.0
ADIN,31.10.2016,481.0,481.0,481.0,481.0,3.22,160.0,76960.0,76960.0
ADIN,28.10.2016,466.0,466.0,466.0,466.0,0.0,0.0,0.0,0.0
ADIN,27.10.2016,466.0,466.0,466.0,466.0,0.0,0.0,0.0,0.0
ADIN,26.10.2016,466.0,466.0,466.0,466.0,2.87,5.0,2330.0,2330.0
ADIN,25.10.2016,453.0,453.0,453.0,453.0,0.0,0.0,0.0,0.0
ADIN,21.10.2016,453.0,453.0,453.0,453.0,9.95,1.5,679500.0,679500.0
ADIN,20.10.2016,412.0,412.0,412.0,412.0,0.0,0.0,0.0,0.0
ADIN,19.10.2016,412.0,412.0,412.0,412.0,3.0,356.0,146672.0,146672.0
ADIN,18.10.2016,400.0,400.0,400.0,400.0,0.0,0.0,0.0,0.0
ADIN,17.10.2016,400.0,400.0,400.0,400.0,0.0,0.0,0.0,0.0
ADIN,14.10.2016,400.0,400.0,400.0,400.0,0.0,0.0,0.0,0.0
ADIN,13.10.2016,400.0,400.0,400.0,400.0,0.0,0.0,0.0,0.0
ADIN,12.10.2016,400.0,400.0,400.0,400.0,0.0,0.0,0.0,0.0
ADIN,10.10.2016,400.0,400.0,400.0,400.0,0.0,0.0,0.0,0.0
ADIN,07.10.2016,400.0,400.0,400.0,400.0,0.0,0.0,0.0,0.0
ADIN,06.10.2016,400.0,400.0,400.0,400.0,3.9,196.0,78400.0,78400.0
ADIN,05.10.2016,385.0,385.0,385.0,385.0,0.0,1.258,484330.0,484330.0
ADIN,04.10.2016,385.0,385.0,385.0,385.0,0.0,0.0,0.0,0.0
ADIN,03.10.2016,385.0,385.0,385.0,385.0,0.0,0.0,0.0,0.0
ADIN,30.9.2016,385.0,385.0,385.0,385.0,0.0,0.0,0.0,0.0
ADIN,29.9.2016,385.0,385.0,385.0,385.0,0.0,0.0,0.0,0.0
ADIN,28.9.2016,385.0,385.0,385.0,385.0,0.0,0.0,0.0,0.0
ADIN,27.9.2016,385.0,385.0,385.0,385.0,0.0,0.0,0.0,0.0
ADIN,26.9.2016,385.0,385.0,385.0,385.0,0.0,0.0,0.0,0.0
ADIN,23.9.2016,385.0,385.0,385.0,385.0,0.0,0.0,0.0,0.0
ADIN,22.9.2016,385.0,385.0,385.0,385.0,0.0,0.0,0.0,0.0
ADIN,21.9.2016,385.0,385.0,385.0,385.0,0.0,0.0,0.0,0.0
ADIN,20.9.2016,385.0,385.0,385.0,385.0,0.0,0.0,0.0,0.0
ADIN,19.9.2016,385.0,385.0,385.0,385.0,0.0,0.0,0.0,0.0
ADIN,16.9.2016,385.0,385.0,385.0,385.0,0.0,0.0,0.0,0.0
ADIN,15.9.2016,385.0,385.0,385.0,385.0,0.0,0.0,0.0,0.0
ADIN,14.9.2016,385.0,385.0,385.0,385.0,0.0,0.0,0.0,0.0
ADIN,13.9.2016,385.0,385.0,385.0,385.0,0.0,0.0,0.0,0.0
ADIN,12.9.2016,385.0,385.0,385.0,385.0,0.0,0.0,0.0,0.0
ADIN,09.9.2016,385.0,385.0,385.0,385.0,0.0,0.0,0.0,0.0
ADIN,07.9.2016,385.0,385.0,385.0,385.0,0.0,0.0,0.0,0.0
ADIN,06.9.2016,385.0,385.0,385.0,385.0,0.0,25.0,9625.0,9625.0
ADIN,05.9.2016,385.0,385.0,385.0,385.0,0.0,0.0,0.0,0.0
ADIN,02.9.2016,385.0,385.0,385.0,385.0,0.0,0.0,0.0,0.0
ADIN,01.9.2016,385.0,385.0,385.0,385.0,10.0,20.0,7700.0,7700.0
ADIN,31.8.2016,350.0,350.0,350.0,350.0,0.0,0.0,0.0,0.0
ADIN,30.8.2016,350.0,350.0,350.0,350.0,0.0,0.0,0.0,0.0
ADIN,29.8.2016,350.0,350.0,350.0,350.0,0.0,0.0,0.0,0.0
ADIN,26.8.2016,350.0,350.0,350.0,350.0,0.0,0.0,0.0,0.0
ADIN,25.8.2016,350.0,350.0,350.0,350.0,9.38,35.0,12250.0,12250.0
ADIN,24.8.2016,320.0,320.0,320.0,320.0,0.0,0.0,0.0,0.0
ADIN,23.8.2016,320.0,320.0,320.0,320.0,-2.88,20.0,6400.0,6400.0
ADIN,22.8.2016,330.0,330.0,330.0,329.49,0.0,0.0,0.0,0.0
ADIN,19.8.2016,330.0,330.0,330.0,329.49,0.0,0.0,0.0,0.0
ADIN,18.8.2016,330.0,330.0,330.0,329.49,0.0,0.0,0.0,0.0
ADIN,17.8.2016,330.0,330.0,330.0,329.49,0.0,0.0,0.0,0.0
ADIN,16.8.2016,330.0,330.0,330.0,329.49,0.0,0.0,0.0,0.0
ADIN,15.8.2016,330.0,330.0,329.0,329.49,0.15,226.0,74464.0,74464.0
ADIN,12.8.2016,329.0,329.0,329.0,329.0,0.0,0.0,0.0,0.0
ADIN,11.8.2016,329.0,329.0,329.0,329.0,0.0,0.0,0.0,0.0
ADIN,10.8.2016,329.0,329.0,329.0,329.0,6.13,100.0,32900.0,32900.0
ADIN,09.8.2016,310.0,310.0,310.0,310.0,0.0,0.0,0.0,0.0
ADIN,08.8.2016,310.0,310.0,310.0,310.0,1.04,80.0,24800.0,24800.0
ADIN,05.8.2016,310.0,310.0,306.0,306.8,3.03,500.0,153400.0,153400.0
ADIN,04.8.2016,300.0,300.0,300.0,297.78,0.0,0.0,0.0,0.0
ADIN,03.8.2016,300.0,300.0,300.0,297.78,0.0,0.0,0.0,0.0
ADIN,01.8.2016,300.0,300.0,300.0,297.78,0.0,0.0,0.0,0.0
ADIN,29.7.2016,300.0,300.0,300.0,297.78,0.0,0.0,0.0,0.0
ADIN,28.7.2016,300.0,300.0,300.0,297.78,0.0,0.0,0.0,0.0
ADIN,27.7.2016,300.0,300.0,300.0,297.78,0.0,0.0,0.0,0.0
ADIN,26.7.2016,300.0,300.0,300.0,297.78,0.0,0.0,0.0,0.0
ADIN,25.7.2016,300.0,300.0,300.0,297.78,0.0,0.0,0.0,0.0
ADIN,22.7.2016,300.0,300.0,300.0,297.78,0.0,0.0,0.0,0.0
ADIN,21.7.2016,300.0,300.0,300.0,297.78,0.0,0.0,0.0,0.0
ADIN,20.7.2016,300.0,300.0,300.0,297.78,0.0,0.0,0.0,0.0
ADIN,19.7.2016,300.0,300.0,300.0,297.78,0.0,0.0,0.0,0.0
ADIN,18.7.2016,300.0,300.0,300.0,297.78,0.0,0.0,0.0,0.0
ADIN,15.7.2016,300.0,300.0,300.0,297.78,0.0,0.0,0.0,0.0
ADIN,14.7.2016,300.0,300.0,300.0,297.78,0.0,0.0,0.0,0.0
ADIN,13.7.2016,300.0,300.0,300.0,297.78,0.0,0.0,0.0,0.0
ADIN,12.7.2016,300.0,300.0,300.0,297.78,0.0,0.0,0.0,0.0
ADIN,11.7.2016,300.0,300.0,300.0,297.78,0.0,0.0,0.0,0.0
ADIN,08.7.2016,300.0,300.0,300.0,297.78,0.0,0.0,0.0,0.0
ADIN,07.7.2016,300.0,300.0,300.0,297.78,0.0,0.0,0.0,0.0
ADIN,06.7.2016,300.0,300.0,300.0,297.78,0.0,0.0,0.0,0.0
ADIN,04.7.2016,300.0,300.0,300.0,297.78,0.0,0.0,0.0,0.0
ADIN,01.7.2016,300.0,300.0,300.0,297.78,0.0,0.0,0.0,0.0
ADIN,30.6.2016,300.0,300.0,300.0,297.78,0.0,0.0,0.0,0.0
ADIN,29.6.2016,300.0,300.0,300.0,297.78,0.0,0.0,0.0,0.0
ADIN,28.6.2016,300.0,300.0,300.0,297.78,0.0,0.0,0.0,0.0
ADIN,27.6.2016,300.0,300.0,300.0,297.78,0.0,0.0,0.0,0.0
ADIN,24.6.2016,300.0,300.0,300.0,297.78,0.0,0.0,0.0,0.0
ADIN,23.6.2016,300.0,300.0,280.0,297.78,-0.74,180.0,53600.0,53600.0
ADIN,22.6.2016,300.0,300.0,300.0,300.0,0.0,0.0,0.0,0.0
ADIN,21.6.2016,300.0,300.0,300.0,300.0,0.0,0.0,0.0,0.0
ADIN,20.6.2016,300.0,300.0,300.0,300.0,0.0,0.0,0.0,0.0
ADIN,16.6.2016,300.0,300.0,300.0,300.0,0.0,0.0,0.0,0.0
ADIN,15.6.2016,300.0,300.0,300.0,300.0,0.0,0.0,0.0,0.0
ADIN,14.6.2016,300.0,300.0,300.0,300.0,0.0,0.0,0.0,0.0
ADIN,13.6.2016,300.0,300.0,300.0,300.0,0.0,0.0,0.0,0.0
ADIN,10.6.2016,300.0,300.0,300.0,300.0,0.0,0.0,0.0,0.0
ADIN,09.6.2016,300.0,300.0,300.0,300.0,0.0,0.0,0.0,0.0
ADIN,08.6.2016,300.0,300.0,300.0,300.0,0.0,0.0,0.0,0.0
ADIN,07.6.2016,300.0,300.0,300.0,300.0,0.0,0.0,0.0,0.0
ADIN,06.6.2016,300.0,300.0,300.0,300.0,0.0,0.0,0.0,0.0
ADIN,03.6.2016,300.0,300.0,300.0,300.0,0.0,100.0,30000.0,30000.0
ADIN,02.6.2016,300.0,300.0,300.0,300.0,0.0,0.0,0.0,0.0
ADIN,01.6.2016,300.0,300.0,300.0,300.0,-0.33,350.0,105000.0,105000.0
ADIN,31.5.2016,301.0,301.0,301.0,301.0,0.33,110.0,33110.0,33110.0
ADIN,30.5.2016,300.0,300.0,300.0,300.0,0.0,0.0,0.0,0.0
ADIN,27.5.2016,300.0,300.0,300.0,300.0,0.0,0.0,0.0,0.0
ADIN,26.5.2016,300.0,300.0,300.0,300.0,0.0,0.0,0.0,0.0
ADIN,25.5.2016,300.0,300.0,300.0,300.0,0.0,0.0,0.0,0.0
ADIN,23.5.2016,300.0,300.0,300.0,300.0,0.33,1.157,347100.0,347100.0
ADIN,20.5.2016,299.0,299.0,299.0,299.0,0.0,0.0,0.0,0.0
ADIN,19.5.2016,299.0,299.0,299.0,299.0,0.0,0.0,0.0,0.0
ADIN,18.5.2016,299.0,299.0,299.0,299.0,-0.33,200.0,59800.0,59800.0
ADIN,17.5.2016,300.0,300.0,300.0,300.0,0.0,0.0,0.0,0.0
ADIN,16.5.2016,300.0,300.0,300.0,300.0,0.0,0.0,0.0,0.0
ADIN,13.5.2016,300.0,300.0,300.0,300.0,0.0,0.0,0.0,0.0
ADIN,12.5.2016,300.0,300.0,300.0,300.0,0.0,0.0,0.0,0.0
ADIN,11.5.2016,300.0,300.0,300.0,300.0,0.0,0.0,0.0,0.0
ADIN,10.5.2016,300.0,300.0,300.0,300.0,0.0,0.0,0.0,0.0
ADIN,09.5.2016,300.0,300.0,300.0,300.0,0.0,0.0,0.0,0.0
ADIN,06.5.2016,300.0,300.0,300.0,300.0,0.0,0.0,0.0,0.0
ADIN,05.5.2016,300.0,300.0,300.0,300.0,0.33,70.0,21000.0,21000.0
ADIN,04.5.2016,299.0,299.0,299.0,299.0,0.0,0.0,0.0,0.0
ADIN,03.5.2016,299.0,299.0,299.0,299.0,-0.33,500.0,149500.0,149500.0
ADIN,28.4.2016,300.0,300.0,300.0,300.0,0.0,0.0,0.0,0.0
ADIN,27.4.2016,300.0,300.0,300.0,300.0,0.0,0.0,0.0,0.0
ADIN,26.4.2016,300.0,300.0,300.0,300.0,0.0,0.0,0.0,0.0
ADIN,25.4.2016,300.0,300.0,300.0,300.0,0.0,0.0,0.0,0.0
ADIN,22.4.2016,300.0,300.0,300.0,300.0,0.0,0.0,0.0,0.0
ADIN,21.4.2016,300.0,300.0,300.0,300.0,0.0,0.0,0.0,0.0
ADIN,20.4.2016,300.0,300.0,300.0,300.0,0.0,0.0,0.0,0.0
ADIN,19.4.2016,300.0,300.0,300.0,300.0,0.0,0.0,0.0,0.0
ADIN,18.4.2016,300.0,300.0,300.0,300.0,0.0,0.0,0.0,0.0
ADIN,15.4.2016,300.0,300.0,300.0,300.0,0.0,0.0,0.0,0.0
ADIN,14.4.2016,300.0,300.0,300.0,300.0,0.0,0.0,0.0,0.0
ADIN,13.4.2016,300.0,300.0,300.0,300.0,0.0,0.0,0.0,0.0
ADIN,12.4.2016,300.0,300.0,300.0,300.0,0.0,0.0,0.0,0.0
ADIN,11.4.2016,300.0,300.0,300.0,300.0,0.0,0.0,0.0,0.0
ADIN,08.4.2016,300.0,300.0,300.0,300.0,0.0,0.0,0.0,0.0
ADIN,07.4.2016,300.0,300.0,300.0,300.0,0.0,0.0,0.0,0.0
ADIN,06.4.2016,300.0,300.0,300.0,300.0,0.0,0.0,0.0,0.0
ADIN,05.4.2016,300.0,300.0,300.0,300.0,0.0,750.0,225000.0,225000.0
ADIN,04.4.2016,300.0,300.0,300.0,300.0,0.0,0.0,0.0,0.0
ADIN,01.4.2016,300.0,300.0,300.0,300.0,-7.69,1.15,345000.0,345000.0
ADIN,31.3.2016,325.0,325.0,325.0,325.0,-2.99,1.115,362375.0,362375.0
ADIN,30.3.2016,335.0,335.0,335.0,335.0,0.0,0.0,0.0,0.0
ADIN,29.3.2016,335.0,335.0,335.0,335.0,0.0,0.0,0.0,0.0
ADIN,28.3.2016,335.0,335.0,335.0,335.0,0.0,0.0,0.0,0.0
ADIN,25.3.2016,335.0,335.0,335.0,335.0,0.0,0.0,0.0,0.0
ADIN,24.3.2016,335.0,335.0,335.0,335.0,0.0,0.0,0.0,0.0
ADIN,23.3.2016,335.0,335.0,335.0,335.0,0.0,0.0,0.0,0.0
ADIN,22.3.2016,335.0,335.0,335.0,335.0,-0.89,30.0,10050.0,10050.0
ADIN,21.3.2016,338.0,338.0,338.0,338.0,0.0,0.0,0.0,0.0
ADIN,18.3.2016,338.0,338.0,338.0,338.0,0.0,0.0,0.0,0.0
ADIN,17.3.2016,338.0,338.0,338.0,338.0,0.0,0.0,0.0,0.0
ADIN,16.3.2016,338.0,338.0,338.0,338.0,0.0,0.0,0.0,0.0
ADIN,15.3.2016,338.0,338.0,338.0,338.0,-0.29,30.0,10140.0,10140.0
ADIN,14.3.2016,339.0,339.0,339.0,339.0,0.0,0.0,0.0,0.0
ADIN,11.3.2016,339.0,339.0,339.0,339.0,-0.29,41.0,13899.0,13899.0
ADIN,10.3.2016,340.0,340.0,340.0,340.0,0.0,0.0,0.0,0.0
ADIN,09.3.2016,340.0,340.0,340.0,340.0,9.32,90.0,30600.0,30600.0
ADIN,08.3.2016,311.0,311.0,311.0,311.0,0.0,0.0,0.0,0.0
ADIN,07.3.2016,311.0,311.0,311.0,311.0,0.0,0.0,0.0,0.0
ADIN,04.3.2016,311.0,311.0,311.0,311.0,-9.86,50.0,15550.0,15550.0
ADIN,03.3.2016,345.0,345.0,345.0,345.0,0.0,0.0,0.0,0.0
ADIN,02.3.2016,345.0,345.0,345.0,345.0,0.0,0.0,0.0,0.0
ADIN,01.3.2016,345.0,345.0,345.0,345.0,0.0,0.0,0.0,0.0
ADIN,29.2.2016,345.0,345.0,345.0,345.0,0.0,0.0,0.0,0.0
ADIN,26.2.2016,345.0,345.0,345.0,345.0,0.0,0.0,0.0,0.0
ADIN,25.2.2016,345.0,345.0,345.0,345.0,0.0,0.0,0.0,0.0
ADIN,24.2.2016,345.0,345.0,345.0,345.0,0.0,0.0,0.0,0.0
ADIN,23.2.2016,345.0,345.0,345.0,345.0,0.0,0.0,0.0,0.0
ADIN,22.2.2016,345.0,345.0,345.0,345.0,0.0,0.0,0.0,0.0
ADIN,19.2.2016,345.0,345.0,345.0,345.0,0.0,0.0,0.0,0.0
ADIN,18.2.2016,345.0,345.0,345.0,345.0,0.0,0.0,0.0,0.0
ADIN,17.2.2016,345.0,345.0,345.0,345.0,0.0,0.0,0.0,0.0
ADIN,16.2.2016,345.0,345.0,345.0,345.0,0.0,0.0,0.0,0.0
ADIN,15.2.2016,345.0,345.0,345.0,345.0,0.0,0.0,0.0,0.0
ADIN,12.2.2016,345.0,345.0,345.0,345.0,0.0,0.0,0.0,0.0
ADIN,11.2.2016,345.0,345.0,345.0,345.0,0.0,0.0,0.0,0.0
ADIN,10.2.2016,345.0,345.0,345.0,345.0,0.0,0.0,0.0,0.0
ADIN,09.2.2016,345.0,345.0,345.0,345.0,0.0,0.0,0.0,0.0
ADIN,08.2.2016,345.0,345.0,345.0,345.0,0.0,0.0,0.0,0.0
ADIN,05.2.2016,345.0,345.0,345.0,345.0,0.0,0.0,0.0,0.0
ADIN,04.2.2016,345.0,345.0,345.0,345.0,0.0,0.0,0.0,0.0
ADIN,03.2.2016,345.0,345.0,345.0,345.0,0.0,0.0,0.0,0.0
ADIN,02.2.2016,345.0,345.0,345.0,345.0,0.0,0.0,0.0,0.0
ADIN,01.2.2016,345.0,345.0,345.0,345.0,0.0,0.0,0.0,0.0
ADIN,29.1.2016,345.0,345.0,345.0,345.0,0.0,0.0,0.0,0.0
ADIN,28.1.2016,345.0,345.0,345.0,345.0,0.0,0.0,0.0,0.0
ADIN,27.1.2016,345.0,345.0,345.0,345.0,0.0,0.0,0.0,0.0
ADIN,26.1.2016,345.0,345.0,345.0,345.0,0.0,0.0,0.0,0.0
ADIN,25.1.2016,345.0,345.0,345.0,345.0,0.0,0.0,0.0,0.0
ADIN,22.1.2016,345.0,345.0,345.0,345.0,0.0,0.0,0.0,0.0
ADIN,21.1.2016,345.0,345.0,345.0,345.0,0.0,0.0,0.0,0.0
ADIN,20.1.2016,345.0,345.0,345.0,345.0,0.0,0.0,0.0,0.0
ADIN,18.1.2016,345.0,345.0,345.0,345.0,0.0,0.0,0.0,0.0
ADIN,15.1.2016,345.0,345.0,345.0,345.0,0.0,0.0,0.0,0.0
ADIN,14.1.2016,345.0,345.0,345.0,345.0,0.0,0.0,0.0,0.0
ADIN,13.1.2016,345.0,345.0,345.0,345.0,0.0,0.0,0.0,0.0
ADIN,12.1.2016,345.0,345.0,345.0,345.0,0.0,0.0,0.0,0.0
ADIN,11.1.2016,345.0,345.0,345.0,345.0,0.0,0.0,0.0,0.0
ADIN,08.1.2016,345.0,345.0,345.0,345.0,0.0,0.0,0.0,0.0
ADIN,05.1.2016,345.0,345.0,345.0,345.0,0.0,50.0,17250.0,17250.0
ADIN,04.1.2016,345.0,345.0,345.0,345.0,0.0,0.0,0.0,0.0
ADIN,30.12.2015,345.0,345.0,345.0,345.0,0.0,0.0,0.0,0.0
ADIN,29.12.2015,345.0,345.0,345.0,345.0,0.0,0.0,0.0,0.0
ADIN,28.12.2015,345.0,345.0,345.0,345.0,0.0,0.0,0.0,0.0
ADIN,25.12.2015,345.0,345.0,345.0,345.0,0.0,0.0,0.0,0.0
ADIN,24.12.2015,345.0,345.0,345.0,345.0,0.0,10.0,3450.0,3450.0
ADIN,23.12.2015,345.0,345.0,345.0,345.0,0.0,0.0,0.0,0.0
ADIN,22.12.2015,345.0,345.0,345.0,345.0,0.0,0.0,0.0,0.0
ADIN,21.12.2015,345.0,345.0,345.0,345.0,0.0,0.0,0.0,0.0
ADIN,18.12.2015,345.0,345.0,345.0,345.0,0.0,0.0,0.0,0.0
ADIN,17.12.2015,345.0,345.0,345.0,345.0,0.0,0.0,0.0,0.0
ADIN,16.12.2015,345.0,345.0,345.0,345.0,0.0,0.0,0.0,0.0
ADIN,15.12.2015,345.0,345.0,345.0,345.0,0.0,0.0,0.0,0.0
ADIN,14.12.2015,345.0,345.0,345.0,345.0,0.0,0.0,0.0,0.0
ADIN,11.12.2015,345.0,345.0,345.0,345.0,0.0,0.0,0.0,0.0
ADIN,10.12.2015,345.0,345.0,345.0,345.0,0.0,0.0,0.0,0.0
ADIN,09.12.2015,345.0,345.0,345.0,345.0,0.0,0.0,0.0,0.0
ADIN,07.12.2015,345.0,345.0,345.0,345.0,0.0,0.0,0.0,0.0
ADIN,04.12.2015,345.0,345.0,345.0,345.0,0.0,0.0,0.0,0.0
ADIN,03.12.2015,345.0,345.0,345.0,345.0,0.0,0.0,0.0,0.0
ADIN,01.12.2015,345.0,345.0,345.0,345.0,0.0,0.0,0.0,0.0
ADIN,30.11.2015,345.0,345.0,345.0,345.0,0.0,0.0,0.0,0.0
ADIN,27.11.2015,345.0,345.0,345.0,345.0,0.0,0.0,0.0,0.0
ADIN,26.11.2015,345.0,345.0,345.0,345.0,0.0,0.0,0.0,0.0
ADIN,25.11.2015,345.0,345.0,345.0,345.0,18.97,60.0,20700.0,20700.0
ADIN,24.11.2015,290.0,290.0,290.0,290.0,0.0,0.0,0.0,0.0
ADIN,23.11.2015,290.0,290.0,290.0,290.0,0.0,0.0,0.0,0.0
ADIN,20.11.2015,290.0,290.0,290.0,290.0,0.0,0.0,0.0,0.0
ADIN,19.11.2015,290.0,290.0,290.0,290.0,0.0,54.0,15660.0,15660.0
ADIN,18.11.2015,290.0,290.0,290.0,290.0,0.0,0.0,0.0,0.0
ADIN,17.11.2015,290.0,290.0,290.0,290.0,0.0,0.0,0.0,0.0
ADIN,16.11.2015,290.0,290.0,290.0,290.0,0.0,0.0,0.0,0.0
ADIN,13.11.2015,290.0,290.0,290.0,290.0,0.0,0.0,0.0,0.0
ADIN,12.11.2015,290.0,290.0,290.0,290.0,0.0,0.0,0.0,0.0
ADIN,11.11.2015,290.0,290.0,290.0,290.0,0.0,0.0,0.0,0.0
ADIN,10.11.2015,290.0,290.0,290.0,290.0,0.0,200.0,58000.0,58000.0
ADIN,09.11.2015,290.0,290.0,290.0,290.0,0.0,0.0,0.0,0.0
ADIN,06.11.2015,290.0,290.0,290.0,290.0,0.0,0.0,0.0,0.0
ADIN,05.11.2015,290.0,290.0,290.0,290.0,7.41,100.0,29000.0,29000.0
ADIN,04.11.2015,270.0,270.0,270.0,270.0,-9.7,1.167,315090.0,315090.0
ADIN,03.11.2015,299.0,299.0,299.0,299.0,0.0,0.0,0.0,0.0
ADIN,02.11.2015,299.0,299.0,299.0,299.0,0.0,0.0,0.0,0.0
ADIN,30.10.2015,299.0,299.0,299.0,299.0,0.0,50.0,14950.0,14950.0
ADIN,29.10.2015,299.0,299.0,299.0,299.0,0.0,0.0,0.0,0.0
ADIN,28.10.2015,299.0,299.0,299.0,299.0,-0.33,330.0,98670.0,98670.0
ADIN,27.10.2015,300.0,300.0,300.0,300.0,0.0,0.0,0.0,0.0
ADIN,26.10.2015,300.0,300.0,300.0,300.0,0.0,0.0,0.0,0.0
ADIN,22.10.2015,300.0,300.0,300.0,300.0,0.0,446.0,133800.0,133800.0
ADIN,21.10.2015,300.0,300.0,300.0,300.0,0.0,0.0,0.0,0.0
ADIN,20.10.2015,300.0,300.0,300.0,300.0,0.0,0.0,0.0,0.0
ADIN,19.10.2015,300.0,300.0,300.0,300.0,0.0,0.0,0.0,0.0
ADIN,16.10.2015,300.0,300.0,300.0,300.0,0.0,0.0,0.0,0.0
ADIN,15.10.2015,300.0,300.0,300.0,300.0,0.0,0.0,0.0,0.0
ADIN,14.10.2015,300.0,300.0,300.0,300.0,0.0,0.0,0.0,0.0
ADIN,13.10.2015,300.0,300.0,300.0,300.0,0.0,0.0,0.0,0.0
ADIN,09.10.2015,300.0,300.0,300.0,300.0,0.0,0.0,0.0,0.0
ADIN,08.10.2015,300.0,300.0,300.0,300.0,0.0,0.0,0.0,0.0
ADIN,07.10.2015,300.0,300.0,300.0,300.0,0.0,0.0,0.0,0.0
ADIN,06.10.2015,300.0,300.0,300.0,300.0,0.0,0.0,0.0,0.0
ADIN,05.10.2015,300.0,300.0,300.0,300.0,13.21,100.0,30000.0,30000.0
ADIN,02.10.2015,265.0,265.0,265.0,265.0,0.0,0.0,0.0,0.0
ADIN,01.10.2015,265.0,265.0,265.0,265.0,0.0,0.0,0.0,0.0
ADIN,30.9.2015,265.0,265.0,265.0,265.0,0.0,0.0,0.0,0.0
ADIN,29.9.2015,265.0,265.0,265.0,265.0,0.0,0.0,0.0,0.0
ADIN,28.9.2015,265.0,265.0,265.0,265.0,0.0,0.0,0.0,0.0
ADIN,25.9.2015,265.0,265.0,265.0,265.0,0.0,0.0,0.0,0.0
ADIN,24.9.2015,265.0,265.0,265.0,265.0,0.0,0.0,0.0,0.0
ADIN,23.9.2015,265.0,265.0,265.0,265.0,0.0,0.0,0.0,0.0
ADIN,22.9.2015,265.0,265.0,265.0,265.0,0.0,0.0,0.0,0.0
ADIN,21.9.2015,265.0,265.0,265.0,265.0,0.0,0.0,0.0,0.0
ADIN,18.9.2015,265.0,265.0,265.0,265.0,0.0,0.0,0.0,0.0
ADIN,17.9.2015,265.0,265.0,265.0,265.0,0.0,0.0,0.0,0.0
ADIN,16.9.2015,265.0,265.0,265.0,265.0,0.0,0.0,0.0,0.0
ADIN,15.9.2015,265.0,265.0,265.0,265.0,0.0,0.0,0.0,0.0
ADIN,14.9.2015,265.0,265.0,265.0,265.0,0.0,0.0,0.0,0.0
ADIN,11.9.2015,265.0,265.0,265.0,265.0,0.0,0.0,0.0,0.0
ADIN,10.9.2015,265.0,265.0,265.0,265.0,0.0,0.0,0.0,0.0
ADIN,09.9.2015,265.0,265.0,265.0,265.0,0.0,0.0,0.0,0.0
ADIN,07.9.2015,265.0,265.0,265.0,265.0,0.0,0.0,0.0,0.0
ADIN,04.9.2015,265.0,265.0,265.0,265.0,0.0,0.0,0.0,0.0
ADIN,03.9.2015,265.0,265.0,265.0,265.0,0.0,0.0,0.0,0.0
ADIN,02.9.2015,265.0,265.0,265.0,265.0,0.0,0.0,0.0,0.0
ADIN,01.9.2015,265.0,265.0,265.0,265.0,0.0,0.0,0.0,0.0
ADIN,31.8.2015,265.0,265.0,265.0,265.0,0.0,0.0,0.0,0.0
ADIN,27.8.2015,265.0,265.0,265.0,265.0,0.0,0.0,0.0,0.0
ADIN,26.8.2015,265.0,265.0,265.0,265.0,0.0,0.0,0.0,0.0
ADIN,25.8.2015,265.0,265.0,265.0,265.0,0.0,0.0,0.0,0.0
ADIN,24.8.2015,265.0,265.0,265.0,265.0,0.0,0.0,0.0,0.0
ADIN,21.8.2015,265.0,265.0,265.0,265.0,0.0,0.0,0.0,0.0
ADIN,20.8.2015,265.0,265.0,265.0,265.0,0.0,0.0,0.0,0.0
ADIN,19.8.2015,265.0,265.0,265.0,265.0,0.0,0.0,0.0,0.0
ADIN,18.8.2015,265.0,265.0,265.0,265.0,6.0,1.467,388755.0,388755.0
ADIN,17.8.2015,250.0,250.0,250.0,250.0,0.0,0.0,0.0,0.0
ADIN,14.8.2015,250.0,250.0,250.0,250.0,0.0,0.0,0.0,0.0
ADIN,13.8.2015,250.0,250.0,250.0,250.0,0.0,0.0,0.0,0.0
ADIN,12.8.2015,250.0,250.0,250.0,250.0,0.0,0.0,0.0,0.0
ADIN,11.8.2015,250.0,250.0,250.0,250.0,0.0,0.0,0.0,0.0
ADIN,10.8.2015,250.0,250.0,250.0,250.0,0.0,0.0,0.0,0.0
ADIN,07.8.2015,250.0,250.0,250.0,250.0,0.0,0.0,0.0,0.0
ADIN,06.8.2015,250.0,250.0,250.0,250.0,0.0,0.0,0.0,0.0
ADIN,05.8.2015,250.0,250.0,250.0,250.0,0.0,0.0,0.0,0.0
ADIN,04.8.2015,250.0,250.0,250.0,250.0,0.0,0.0,0.0,0.0
ADIN,31.7.2015,250.0,250.0,250.0,250.0,0.0,0.0,0.0,0.0
ADIN,30.7.2015,250.0,250.0,250.0,250.0,0.0,0.0,0.0,0.0
ADIN,29.7.2015,250.0,250.0,250.0,250.0,0.0,0.0,0.0,0.0
ADIN,28.7.2015,250.0,250.0,250.0,250.0,0.0,0.0,0.0,0.0
ADIN,27.7.2015,250.0,250.0,250.0,250.0,0.0,0.0,0.0,0.0
ADIN,24.7.2015,250.0,250.0,250.0,250.0,0.0,0.0,0.0,0.0
ADIN,23.7.2015,250.0,250.0,250.0,250.0,0.0,0.0,0.0,0.0
ADIN,22.7.2015,250.0,250.0,250.0,250.0,0.0,0.0,0.0,0.0
ADIN,21.7.2015,250.0,250.0,250.0,250.0,0.0,0.0,0.0,0.0
ADIN,20.7.2015,250.0,250.0,250.0,250.0,0.0,0.0,0.0,0.0
ADIN,16.7.2015,250.0,250.0,250.0,250.0,0.0,0.0,0.0,0.0
ADIN,15.7.2015,250.0,250.0,250.0,250.0,0.0,0.0,0.0,0.0
ADIN,14.7.2015,250.0,250.0,250.0,250.0,0.0,0.0,0.0,0.0
ADIN,13.7.2015,250.0,250.0,250.0,250.0,0.0,0.0,0.0,0.0
ADIN,10.7.2015,250.0,250.0,250.0,250.0,0.0,0.0,0.0,0.0
ADIN,09.7.2015,250.0,250.0,250.0,250.0,0.0,0.0,0.0,0.0
ADIN,08.7.2015,250.0,250.0,250.0,250.0,0.0,0.0,0.0,0.0
ADIN,07.7.2015,250.0,250.0,250.0,250.0,0.0,0.0,0.0,0.0
ADIN,06.7.2015,250.0,250.0,250.0,250.0,0.0,0.0,0.0,0.0
ADIN,03.7.2015,250.0,250.0,250.0,250.0,0.0,0.0,0.0,0.0
ADIN,02.7.2015,250.0,250.0,250.0,250.0,0.0,0.0,0.0,0.0
ADIN,01.7.2015,250.0,250.0,250.0,250.0,0.0,0.0,0.0,0.0
ADIN,30.6.2015,250.0,250.0,250.0,250.0,0.0,0.0,0.0,0.0
ADIN,29.6.2015,250.0,250.0,250.0,250.0,0.0,0.0,0.0,0.0
ADIN,26.6.2015,250.0,250.0,250.0,250.0,0.0,0.0,0.0,0.0
ADIN,25.6.2015,250.0,250.0,250.0,250.0,-19.35,576.0,144000.0,144000.0
ADIN,24.6.2015,310.0,310.0,310.0,310.0,0.0,0.0,0.0,0.0
ADIN,23.6.2015,310.0,310.0,310.0,310.0,0.0,0.0,0.0,0.0
ADIN,22.6.2015,310.0,310.0,310.0,310.0,0.0,0.0,0.0,0.0
ADIN,19.6.2015,310.0,310.0,310.0,310.0,0.0,0.0,0.0,0.0
ADIN,18.6.2015,310.0,310.0,310.0,310.0,0.0,0.0,0.0,0.0
ADIN,17.6.2015,310.0,310.0,310.0,310.0,0.0,0.0,0.0,0.0
ADIN,16.6.2015,310.0,310.0,310.0,310.0,0.0,0.0,0.0,0.0
ADIN,15.6.2015,310.0,310.0,310.0,310.0,0.0,0.0,0.0,0.0
ADIN,12.6.2015,310.0,310.0,310.0,310.0,0.0,0.0,0.0,0.0
ADIN,11.6.2015,310.0,310.0,310.0,310.0,0.0,0.0,0.0,0.0
ADIN,10.6.2015,310.0,310.0,310.0,310.0,0.0,0.0,0.0,0.0
ADIN,09.6.2015,310.0,310.0,310.0,310.0,0.0,0.0,0.0,0.0
ADIN,08.6.2015,310.0,310.0,310.0,310.0,0.0,0.0,0.0,0.0
ADIN,05.6.2015,310.0,310.0,310.0,310.0,0.0,0.0,0.0,0.0
ADIN,04.6.2015,310.0,310.0,310.0,310.0,0.0,0.0,0.0,0.0
ADIN,03.6.2015,310.0,310.0,310.0,310.0,0.0,0.0,0.0,0.0
ADIN,02.6.2015,310.0,310.0,310.0,310.0,0.0,0.0,0.0,0.0
ADIN,01.6.2015,310.0,310.0,310.0,310.0,0.0,0.0,0.0,0.0
ADIN,28.5.2015,310.0,310.0,310.0,310.0,0.0,0.0,0.0,0.0
ADIN,27.5.2015,310.0,310.0,310.0,310.0,0.0,0.0,0.0,0.0
ADIN,26.5.2015,310.0,310.0,310.0,310.0,0.0,0.0,0.0,0.0
ADIN,22.5.2015,310.0,310.0,310.0,310.0,0.0,0.0,0.0,0.0
ADIN,21.5.2015,310.0,310.0,310.0,310.0,0.0,0.0,0.0,0.0
ADIN,20.5.2015,310.0,310.0,310.0,310.0,0.0,0.0,0.0,0.0
ADIN,19.5.2015,310.0,310.0,310.0,310.0,0.0,0.0,0.0,0.0
ADIN,18.5.2015,310.0,310.0,310.0,310.0,0.0,0.0,0.0,0.0
ADIN,15.5.2015,310.0,310.0,310.0,310.0,0.0,0.0,0.0,0.0
ADIN,14.5.2015,310.0,310.0,310.0,310.0,0.0,0.0,0.0,0.0
ADIN,13.5.2015,310.0,310.0,310.0,310.0,0.0,0.0,0.0,0.0
ADIN,12.5.2015,310.0,310.0,310.0,310.0,0.0,0.0,0.0,0.0
ADIN,11.5.2015,310.0,310.0,310.0,310.0,0.0,0.0,0.0,0.0
ADIN,08.5.2015,310.0,310.0,310.0,310.0,0.0,0.0,0.0,0.0
ADIN,07.5.2015,310.0,310.0,310.0,310.0,0.0,0.0,0.0,0.0
ADIN,06.5.2015,310.0,310.0,310.0,310.0,0.0,0.0,0.0,0.0
ADIN,05.5.2015,310.0,310.0,310.0,310.0,0.0,0.0,0.0,0.0
ADIN,04.5.2015,310.0,310.0,310.0,310.0,0.0,0.0,0.0,0.0
ADIN,30.4.2015,310.0,310.0,310.0,310.0,0.0,0.0,0.0,0.0
ADIN,29.4.2015,310.0,310.0,310.0,310.0,0.0,0.0,0.0,0.0
ADIN,28.4.2015,310.0,310.0,310.0,310.0,0.0,0.0,0.0,0.0
ADIN,27.4.2015,310.0,310.0,310.0,310.0,0.0,0.0,0.0,0.0
ADIN,24.4.2015,310.0,310.0,310.0,310.0,0.0,0.0,0.0,0.0
ADIN,23.4.2015,310.0,310.0,310.0,310.0,0.0,0.0,0.0,0.0
ADIN,22.4.2015,310.0,310.0,310.0,310.0,0.0,0.0,0.0,0.0
ADIN,21.4.2015,310.0,310.0,310.0,310.0,0.0,0.0,0.0,0.0
ADIN,20.4.2015,310.0,310.0,310.0,310.0,0.0,0.0,0.0,0.0
ADIN,17.4.2015,310.0,310.0,310.0,310.0,0.0,0.0,0.0,0.0
ADIN,16.4.2015,310.0,310.0,310.0,310.0,0.0,0.0,0.0,0.0
ADIN,15.4.2015,310.0,310.0,310.0,310.0,0.0,0.0,0.0,0.0
ADIN,14.4.2015,310.0,310.0,310.0,310.0,-17.33,100.0,31000.0,31000.0
ADIN,09.4.2015,375.0,375.0,375.0,375.0,0.0,0.0,0.0,0.0
ADIN,08.4.2015,375.0,375.0,375.0,375.0,0.0,0.0,0.0,0.0
ADIN,07.4.2015,375.0,375.0,375.0,375.0,0.0,0.0,0.0,0.0
ADIN,06.4.2015,375.0,375.0,375.0,375.0,0.0,0.0,0.0,0.0
ADIN,03.4.2015,375.0,375.0,375.0,375.0,0.0,0.0,0.0,0.0
ADIN,02.4.2015,375.0,375.0,375.0,375.0,0.0,0.0,0.0,0.0
ADIN,01.4.2015,375.0,375.0,375.0,375.0,0.0,0.0,0.0,0.0
ADIN,31.3.2015,375.0,375.0,375.0,375.0,0.0,0.0,0.0,0.0
ADIN,30.3.2015,375.0,375.0,375.0,375.0,0.0,0.0,0.0,0.0
ADIN,27.3.2015,375.0,375.0,375.0,375.0,0.0,0.0,0.0,0.0
ADIN,26.3.2015,375.0,375.0,375.0,375.0,0.0,0.0,0.0,0.0
ADIN,25.3.2015,375.0,375.0,375.0,375.0,2.18,5.0,1875.0,1875.0
ADIN,24.3.2015,367.0,367.0,367.0,367.0,0.0,0.0,0.0,0.0
ADIN,23.3.2015,367.0,367.0,367.0,367.0,0.0,0.0,0.0,0.0
ADIN,20.3.2015,367.0,367.0,367.0,367.0,0.0,0.0,0.0,0.0
ADIN,19.3.2015,367.0,367.0,367.0,367.0,0.0,0.0,0.0,0.0
ADIN,18.3.2015,367.0,367.0,367.0,367.0,0.0,0.0,0.0,0.0
ADIN,17.3.2015,367.0,367.0,367.0,367.0,0.0,0.0,0.0,0.0
ADIN,16.3.2015,367.0,367.0,367.0,367.0,0.0,0.0,0.0,0.0
ADIN,13.3.2015,367.0,367.0,367.0,367.0,0.0,0.0,0.0,0.0
ADIN,12.3.2015,367.0,367.0,367.0,367.0,0.0,0.0,0.0,0.0
ADIN,11.3.2015,367.0,367.0,367.0,367.0,0.0,0.0,0.0,0.0
ADIN,10.3.2015,367.0,367.0,367.0,367.0,0.0,0.0,0.0,0.0
ADIN,09.3.2015,367.0,367.0,367.0,367.0,0.0,0.0,0.0,0.0
ADIN,06.3.2015,367.0,367.0,367.0,367.0,0.0,0.0,0.0,0.0
ADIN,05.3.2015,367.0,367.0,367.0,367.0,0.0,0.0,0.0,0.0
ADIN,04.3.2015,367.0,367.0,367.0,367.0,0.0,0.0,0.0,0.0
ADIN,03.3.2015,367.0,367.0,367.0,367.0,0.0,0.0,0.0,0.0
ADIN,02.3.2015,367.0,367.0,367.0,367.0,0.0,0.0,0.0,0.0
ADIN,27.2.2015,367.0,367.0,367.0,367.0,0.0,0.0,0.0,0.0
ADIN,26.2.2015,367.0,367.0,367.0,367.0,0.0,0.0,0.0,0.0
ADIN,25.2.2015,367.0,367.0,367.0,367.0,0.0,0.0,0.0,0.0
ADIN,24.2.2015,367.0,367.0,367.0,367.0,0.0,0.0,0.0,0.0
ADIN,23.2.2015,367.0,367.0,367.0,367.0,0.0,0.0,0.0,0.0
ADIN,20.2.2015,367.0,367.0,367.0,367.0,0.0,0.0,0.0,0.0
ADIN,19.2.2015,367.0,367.0,367.0,367.0,0.0,0.0,0.0,0.0
ADIN,18.2.2015,367.0,367.0,367.0,367.0,0.0,0.0,0.0,0.0
ADIN,17.2.2015,367.0,367.0,367.0,367.0,0.0,0.0,0.0,0.0
ADIN,16.2.2015,367.0,367.0,367.0,367.0,0.0,0.0,0.0,0.0
ADIN,13.2.2015,367.0,367.0,367.0,367.0,0.0,50.0,18350.0,18350.0
ADIN,12.2.2015,367.0,367.0,367.0,367.0,0.0,0.0,0.0,0.0
ADIN,11.2.2015,367.0,367.0,367.0,367.0,0.0,0.0,0.0,0.0
ADIN,10.2.2015,367.0,367.0,367.0,367.0,0.0,0.0,0.0,0.0
ADIN,09.2.2015,367.0,367.0,367.0,367.0,0.0,0.0,0.0,0.0
ADIN,06.2.2015,367.0,367.0,367.0,367.0,0.0,0.0,0.0,0.0
ADIN,05.2.2015,367.0,367.0,367.0,367.0,0.0,0.0,0.0,0.0
ADIN,04.2.2015,367.0,367.0,367.0,367.0,0.0,0.0,0.0,0.0
ADIN,03.2.2015,367.0,367.0,367.0,367.0,0.0,396.0,145332.0,145332.0
ADIN,02.2.2015,367.0,367.0,367.0,367.0,0.0,575.0,211025.0,211025.0
ADIN,30.1.2015,367.0,367.0,367.0,367.0,0.0,0.0,0.0,0.0
ADIN,29.1.2015,367.0,367.0,367.0,367.0,0.0,0.0,0.0,0.0
ADIN,28.1.2015,367.0,367.0,367.0,367.0,0.0,0.0,0.0,0.0
ADIN,27.1.2015,367.0,367.0,367.0,367.0,0.0,0.0,0.0,0.0
ADIN,26.1.2015,367.0,367.0,367.0,367.0,2.8,25.0,9175.0,9175.0
ADIN,23.1.2015,357.0,357.0,357.0,357.0,0.0,0.0,0.0,0.0
ADIN,22.1.2015,357.0,357.0,357.0,357.0,0.0,0.0,0.0,0.0
ADIN,21.1.2015,357.0,357.0,357.0,357.0,0.0,0.0,0.0,0.0
ADIN,20.1.2015,357.0,357.0,357.0,357.0,0.0,0.0,0.0,0.0
ADIN,16.1.2015,357.0,357.0,357.0,357.0,0.0,0.0,0.0,0.0
ADIN,15.1.2015,357.0,357.0,357.0,357.0,0.0,0.0,0.0,0.0
ADIN,14.1.2015,357.0,357.0,357.0,357.0,0.0,0.0,0.0,0.0
ADIN,13.1.2015,357.0,357.0,357.0,357.0,0.0,0.0,0.0,0.0
ADIN,12.1.2015,357.0,357.0,357.0,357.0,0.0,0.0,0.0,0.0
ADIN,09.1.2015,357.0,357.0,357.0,357.0,0.0,0.0,0.0,0.0
ADIN,08.1.2015,357.0,357.0,357.0,357.0,0.0,0.0,0.0,0.0
ADIN,05.1.2015,357.0,357.0,357.0,357.0,0.0,0.0,0.0,0.0
ADIN,02.1.2015,357.0,357.0,357.0,357.0,0.0,0.0,0.0,0.0
ADIN,30.12.2014,357.0,357.0,357.0,357.0,0.0,0.0,0.0,0.0
ADIN,29.12.2014,357.0,357.0,357.0,357.0,0.0,0.0,0.0,0.0
ADIN,26.12.2014,357.0,357.0,357.0,357.0,0.0,0.0,0.0,0.0
ADIN,25.12.2014,357.0,357.0,357.0,357.0,0.0,0.0,0.0,0.0
ADIN,24.12.2014,357.0,357.0,357.0,357.0,0.0,0.0,0.0,0.0
ADIN,23.12.2014,357.0,357.0,357.0,357.0,0.0,0.0,0.0,0.0
ADIN,22.12.2014,357.0,357.0,357.0,357.0,-12.93,100.0,35700.0,35700.0
ADIN,19.12.2014,410.0,410.0,410.0,410.0,0.0,0.0,0.0,0.0
ADIN,18.12.2014,410.0,410.0,410.0,410.0,0.0,0.0,0.0,0.0
ADIN,17.12.2014,410.0,410.0,410.0,410.0,0.0,0.0,0.0,0.0
ADIN,16.12.2014,410.0,410.0,410.0,410.0,0.0,0.0,0.0,0.0
ADIN,15.12.2014,410.0,410.0,410.0,410.0,0.0,0.0,0.0,0.0
ADIN,12.12.2014,410.0,410.0,410.0,410.0,0.0,0.0,0.0,0.0
ADIN,11.12.2014,410.0,410.0,410.0,410.0,0.0,0.0,0.0,0.0
ADIN,10.12.2014,410.0,410.0,410.0,410.0,0.0,0.0,0.0,0.0
ADIN,09.12.2014,410.0,410.0,410.0,410.0,0.0,0.0,0.0,0.0
ADIN,05.12.2014,410.0,410.0,410.0,410.0,0.24,683.0,280030.0,280030.0
ADIN,04.12.2014,409.0,409.0,409.0,409.0,-9.11,100.0,40900.0,40900.0
ADIN,02.12.2014,450.0,450.0,450.0,450.0,47.54,180.0,81000.0,81000.0
ADIN,01.12.2014,305.0,305.0,305.0,305.0,0.0,0.0,0.0,0.0
ADIN,28.11.2014,305.0,305.0,305.0,305.0,0.0,0.0,0.0,0.0
ADIN,27.11.2014,305.0,305.0,305.0,305.0,0.0,0.0,0.0,0.0
ADIN,26.11.2014,305.0,305.0,305.0,305.0,0.0,0.0,0.0,0.0
ADIN,25.11.2014,305.0,305.0,305.0,305.0,0.0,0.0,0.0,0.0
ADIN,24.11.2014,305.0,305.0,305.0,305.0,0.0,0.0,0.0,0.0
ADIN,21.11.2014,305.0,305.0,305.0,305.0,0.0,0.0,0.0,0.0
ADIN,20.11.2014,305.0,305.0,305.0,305.0,0.0,0.0,0.0,0.0
ADIN,19.11.2014,305.0,305.0,305.0,305.0,0.0,0.0,0.0,0.0
ADIN,18.11.2014,305.0,305.0,305.0,305.0,0.0,0.0,0.0,0.0
ADIN,17.11.2014,305.0,305.0,305.0,305.0,0.0,0.0,0.0,0.0
ADIN,14.11.2014,305.0,305.0,305.0,305.0,0.0,0.0,0.0,0.0
ADIN,13.11.2014,305.0,305.0,305.0,305.0,22.0,581.0,177205.0,177205.0
ADIN,12.11.2014,250.0,250.0,250.0,250.0,0.0,0.0,0.0,0.0
ADIN,11.11.2014,250.0,250.0,250.0,250.0,0.0,0.0,0.0,0.0
ADIN,10.11.2014,250.0,250.0,250.0,250.0,0.0,0.0,0.0,0.0
